desc: I1 cache:         32768 B, 64 B, 8-way associative
desc: D1 cache:         32768 B, 64 B, 8-way associative
desc: LL cache:         4194304 B, 64 B, 16-way associative
cmd: ../../sniffex eth0
events: Ir I1mr ILmr Dr D1mr DLmr Dw D1mw DLmw 
fl=/build/glibc-t3gR2i/glibc-2.23/csu/../csu/init-first.c
fn=_init
52 8 1 1 0 0 0 4 0 0
58 4 1 1 1 1 0 1 1 1
65 5 1 1 4 2 0 0 0 0
70 1 0 0 0 0 0 1 1 1
71 1 0 0 0 0 0 1 1 1
72 2 0 0 1 1 0 1 1 1
86 4 0 0 0 0 0 1 0 0
94 1 0 0 0 0 0 1 0 0
99 6 0 0 5 0 0 0 0 0
fl=/build/glibc-t3gR2i/glibc-2.23/csu/../csu/libc-start.c
fn=(below main)
134 10 1 1 0 0 0 8 0 0
138 7 1 1 1 0 0 1 0 0
220 2 1 1 0 0 0 0 0 0
221 4 0 0 0 0 0 1 0 0
243 4 0 0 2 0 0 0 0 0
246 2 0 0 0 0 0 0 0 0
247 5 0 0 4 0 0 1 0 0
251 4 1 1 2 0 0 0 0 0
266 2 0 0 0 0 0 0 0 0
278 2 0 0 0 0 0 1 0 0
279 2 0 0 0 0 0 0 0 0
284 2 0 0 1 1 0 1 0 0
285 2 0 0 1 1 0 1 0 0
288 2 0 0 0 0 0 1 0 0
291 6 0 0 5 0 0 1 0 0
fl=/build/glibc-t3gR2i/glibc-2.23/csu/../sysdeps/generic/dl-hash.h
fn=_init
45 12 0 0 4 1 0 0 0 0
48 12 0 0 0 0 0 0 0 0
62 16 0 0 0 0 0 0 0 0
fl=/build/glibc-t3gR2i/glibc-2.23/csu/../sysdeps/unix/sysv/linux/x86_64/init-first.c
fn=_init
36 11 2 2 0 0 0 4 0 0
38 4 0 0 0 0 0 1 0 0
39 2 0 0 0 0 0 0 0 0
40 2 1 1 0 0 0 0 0 0
41 2 1 1 1 0 0 0 0 0
42 1 0 0 0 0 0 1 0 0
44 3 0 0 0 0 0 1 0 0
45 2 0 0 1 0 0 0 0 0
46 1 0 0 0 0 0 1 0 0
fl=/build/glibc-t3gR2i/glibc-2.23/csu/errno-loc.c
fn=__errno_location
26 4 2 1 4 0 0 0 0 0
27 2 0 0 2 0 0 0 0 0
fl=/build/glibc-t3gR2i/glibc-2.23/ctype/ctype-info.c
fn=__ctype_init
31 7 2 2 5 2 0 1 0 0
33 4 0 0 2 1 0 1 0 0
35 5 0 0 3 1 0 1 0 0
fl=/build/glibc-t3gR2i/glibc-2.23/debug/snprintf_chk.c
fn=__snprintf_chk
29 8 1 1 0 0 0 2 0 0
33 12 4 2 0 0 0 8 0 0
34 4 0 0 0 0 0 2 0 0
38 4 0 0 2 0 0 0 0 0
fl=/build/glibc-t3gR2i/glibc-2.23/debug/vsnprintf_chk.c
fn=__vsnprintf_chk
31 14 0 0 0 0 0 12 0 0
36 4 0 0 0 0 0 0 0 0
42 2 1 1 0 0 0 2 0 0
47 16 0 0 0 0 0 0 0 0
53 12 0 0 0 0 0 2 0 0
54 4 0 0 0 0 0 2 0 0
55 2 0 0 0 0 0 2 1 0
59 4 1 1 0 0 0 0 0 0
60 2 0 0 2 0 0 0 0 0
62 10 0 0 0 0 0 2 0 0
63 8 0 0 0 0 0 2 0 0
65 6 0 0 2 0 0 0 0 0
66 4 0 0 2 0 0 2 0 0
68 16 2 1 14 0 0 0 0 0
fl=/build/glibc-t3gR2i/glibc-2.23/elf/../elf/dl-runtime.c
fn=_dl_fixup
66 57 1 1 0 0 0 19 0 0
68 19 0 0 19 0 0 0 0 0
69 38 0 0 38 2 0 0 0 0
71 76 1 1 19 4 0 0 0 0
72 19 0 0 19 3 0 0 0 0
73 133 0 0 38 7 0 19 0 0
74 57 0 0 38 2 0 0 0 0
79 38 0 0 0 0 0 0 0 0
83 38 1 1 19 15 13 0 0 0
87 57 0 0 19 3 0 0 0 0
91 19 0 0 19 3 0 0 0 0
92 95 0 0 38 6 0 0 0 0
94 76 0 0 19 3 0 0 0 0
100 19 0 0 0 0 0 0 0 0
101 57 1 1 19 0 0 0 0 0
111 190 0 0 38 4 0 57 0 0
115 95 2 1 57 0 0 0 0 0
125 114 0 0 38 1 0 0 0 0
133 19 0 0 19 0 0 0 0 0
141 76 0 0 19 0 0 0 0 0
145 57 0 0 19 1 0 0 0 0
149 57 0 0 38 0 0 0 0 0
fl=/build/glibc-t3gR2i/glibc-2.23/elf/../elf/dl-sysdep.c
fn=_dl_sysdep_start
86 8 1 1 0 0 0 6 0 0
110 1 0 0 0 0 0 1 0 0
111 218 1 1 71 9 9 4 3 3
114 2 0 0 0 0 0 1 1 1
115 1 0 0 0 0 0 1 0 0
117 132 5 5 34 6 6 17 0 0
118 107 0 0 18 2 2 0 0 0
121 1 0 0 1 0 0 0 0 0
122 1 0 0 0 0 0 0 0 0
124 1 0 0 1 0 0 0 0 0
125 1 0 0 0 0 0 0 0 0
127 1 1 1 1 0 0 0 0 0
128 2 0 0 0 0 0 0 0 0
130 1 0 0 1 0 0 0 0 0
131 2 0 0 0 0 0 0 0 0
151 1 0 0 1 0 0 0 0 0
152 2 0 0 0 0 0 0 0 0
154 1 0 0 1 0 0 0 0 0
155 2 0 0 0 0 0 0 0 0
157 2 1 1 1 0 0 1 0 0
158 2 0 0 0 0 0 0 0 0
163 2 1 1 1 0 0 1 0 0
164 2 0 0 0 0 0 1 0 0
179 2 1 1 1 0 0 1 0 0
180 2 0 0 0 0 0 1 0 0
231 2 0 0 0 0 0 0 0 0
232 2 0 0 0 0 0 2 0 0
234 5 0 0 0 0 0 1 0 0
246 3 1 1 1 0 0 0 0 0
249 5 0 0 1 0 0 1 0 0
250 1 1 0 1 1 0 0 0 0
251 8 0 0 7 1 0 0 0 0
fn=_dl_sysdep_start_cleanup
256 1 0 0 1 0 0 0 0 0
fl=/build/glibc-t3gR2i/glibc-2.23/elf/../misc/sbrk.c
fn=sbrk
34 4 0 0 0 0 0 2 0 0
42 6 1 1 2 1 1 0 0 0
46 2 0 0 0 0 0 0 0 0
62 5 0 0 3 0 0 0 0 0
fl=/build/glibc-t3gR2i/glibc-2.23/elf/../sysdeps/posix/dl-fileid.h
fn=_dl_map_object_from_fd
37 18 1 1 0 0 0 3 0 0
40 3 0 0 3 0 0 0 0 0
41 6 0 0 3 0 0 3 0 0
49 24 0 0 12 1 1 0 0 0
fl=/build/glibc-t3gR2i/glibc-2.23/elf/../sysdeps/unix/sysv/linux/dl-osinfo.h
fn=dl_main
77 1 0 0 1 0 0 0 0 0
fl=/build/glibc-t3gR2i/glibc-2.23/elf/../sysdeps/unix/sysv/linux/dl-sysdep.c
fn=_dl_discover_osversion
45 7 1 1 0 0 0 6 0 0
47 3 1 1 1 0 0 0 0 0
87 5 1 1 0 0 0 1 1 1
102 1 0 0 0 0 0 0 0 0
106 1 0 0 0 0 0 0 0 0
107 1 0 0 0 0 0 0 0 0
109 12 0 0 3 1 1 0 0 0
111 6 0 0 0 0 0 0 0 0
113 12 0 0 3 0 0 0 0 0
119 3 0 0 0 0 0 0 0 0
120 3 1 1 0 0 0 0 0 0
121 3 0 0 0 0 0 0 0 0
123 13 0 0 0 0 0 0 0 0
128 2 0 0 0 0 0 0 0 0
132 8 1 1 7 0 0 0 0 0
fn=_dl_sysdep_start
35 2 1 1 0 0 0 1 1 1
fl=/build/glibc-t3gR2i/glibc-2.23/elf/../sysdeps/unix/sysv/linux/dl-vdso.c
fn=_dl_vdso_vsym
27 8 1 1 8 1 0 0 0 0
28 8 1 1 4 0 0 0 0 0
31 8 0 0 0 0 0 0 0 0
fl=/build/glibc-t3gR2i/glibc-2.23/elf/../sysdeps/unix/sysv/linux/x86_64/brk.c
fn=brk
31 7 1 1 0 0 0 1 1 1
33 2 1 1 0 0 0 0 0 0
39 1 0 0 0 0 0 0 0 0
40 1 0 0 1 0 0 0 0 0
fl=/build/glibc-t3gR2i/glibc-2.23/elf/../sysdeps/x86/cpu-features.c
fn=_dl_sysdep_start
29 5 1 1 0 0 0 3 0 0
32 1 1 1 0 0 0 1 0 0
33 3 0 0 0 0 0 0 0 0
34 3 0 0 0 0 0 0 0 0
35 3 0 0 0 0 0 0 0 0
36 2 0 0 0 0 0 0 0 0
41 2 0 0 0 0 0 0 0 0
61 3 0 0 0 0 0 1 0 0
64 10 1 1 0 0 0 0 0 0
68 3 0 0 0 0 0 0 0 0
73 3 0 0 0 0 0 0 0 0
76 1 0 0 0 0 0 0 0 0
77 8 1 1 1 1 1 0 0 0
112 2 1 1 1 0 0 0 0 0
134 2 1 1 1 1 1 0 0 0
175 3 1 1 1 0 0 0 0 0
176 1 0 0 1 0 0 0 0 0
179 2 0 0 0 0 0 0 0 0
180 1 0 0 1 0 0 0 0 0
182 2 0 0 1 0 0 0 0 0
183 7 1 1 0 0 0 4 0 0
190 3 0 0 1 0 0 0 0 0
194 2 0 0 0 0 0 0 0 0
196 4 0 0 0 0 0 0 0 0
200 2 1 1 0 0 0 0 0 0
201 1 0 0 1 0 0 0 0 0
207 3 0 0 1 0 0 0 0 0
209 1 0 0 1 0 0 0 0 0
212 3 1 1 0 0 0 0 0 0
228 2 0 0 0 0 0 0 0 0
229 1 0 0 1 0 0 0 0 0
231 2 0 0 1 0 0 0 0 0
247 4 2 2 0 0 0 0 0 0
248 4 1 1 0 0 0 0 0 0
251 2 1 1 0 0 0 1 0 0
252 2 0 0 1 0 0 0 0 0
258 1 0 0 0 0 0 1 0 0
259 1 0 0 0 0 0 1 0 0
260 1 0 0 0 0 0 1 0 0
fl=/build/glibc-t3gR2i/glibc-2.23/elf/../sysdeps/x86_64/dl-irel.h
fn=_dl_fixup
32 4 1 1 0 0 0 2 0 0
fl=/build/glibc-t3gR2i/glibc-2.23/elf/../sysdeps/x86_64/dl-machine.h
fn=_dl_fixup
235 19 0 0 0 0 0 19 0 0
fn=_dl_relocate_object
76 30 1 1 5 0 0 0 0 0
82 8 0 0 8 2 0 0 0 0
86 12 0 0 4 4 3 0 0 0
92 4 0 0 0 0 0 4 0 0
100 12 0 0 4 0 0 0 0 0
102 4 0 0 4 0 0 0 0 0
120 8 1 1 0 0 0 0 0 0
123 20 2 2 0 0 0 4 0 0
129 19 0 0 5 4 0 0 0 0
269 214 1 1 0 0 0 0 0 0
290 214 0 0 0 0 0 0 0 0
294 214 0 0 0 0 0 0 0 0
301 4681 14 14 1102 96 81 828 3 0
303 473 0 0 194 3 0 0 0 0
306 388 0 0 97 0 0 0 0 0
312 642 1 1 107 3 3 0 0 0
407 42 2 2 14 0 0 0 0 0
411 70 0 0 14 1 0 0 0 0
425 70 0 0 28 1 1 14 7 7
435 276 1 1 92 10 10 92 12 8
447 12 0 0 0 0 0 4 0 0
474 3 1 1 1 0 0 0 0 0
478 7 1 1 3 1 1 2 0 0
480 4 0 0 3 0 0 0 0 0
481 1 0 0 0 0 0 0 0 0
512 4632 0 0 1544 387 386 0 0 0
517 3088 0 0 0 0 0 0 0 0
518 4632 0 0 1544 194 194 1544 301 297
528 232 0 0 120 0 0 0 0 0
532 224 0 0 0 0 0 0 0 0
534 336 0 0 112 0 0 0 0 0
535 112 0 0 112 14 13 0 0 0
554 24 0 0 16 0 0 8 0 0
555 8 0 0 0 0 0 8 0 0
fn=_dl_start
59 3 0 0 1 1 1 0 0 0
266 6 0 0 0 0 0 0 0 0
294 12 0 0 0 0 0 0 0 0
303 24 0 0 12 2 2 0 0 0
306 24 0 0 6 4 4 0 0 0
312 37 0 0 6 1 1 0 0 0
425 12 0 0 6 0 0 6 1 1
517 20 0 0 10 1 1 0 0 0
518 30 0 0 10 2 2 10 2 2
fn=_dl_sysdep_start
223 5 0 0 2 1 1 0 0 0
fl=/build/glibc-t3gR2i/glibc-2.23/elf/../sysdeps/x86_64/dl-trampoline.h
fn=_dl_runtime_resolve_avx
64 19 1 1 0 0 0 19 0 0
67 19 0 0 0 0 0 0 0 0
69 19 0 0 0 0 0 0 0 0
71 19 0 0 0 0 0 0 0 0
74 19 0 0 0 0 0 19 2 0
75 19 0 0 0 0 0 19 0 0
76 19 1 1 0 0 0 19 0 0
77 19 0 0 0 0 0 19 0 0
78 19 0 0 0 0 0 19 0 0
79 19 0 0 0 0 0 19 0 0
80 19 0 0 0 0 0 19 0 0
81 19 0 0 0 0 0 19 3 0
82 19 0 0 0 0 0 19 0 0
83 19 0 0 0 0 0 19 2 0
84 19 0 0 0 0 0 19 0 0
85 19 1 1 0 0 0 19 1 0
86 19 0 0 0 0 0 19 0 0
87 19 0 0 0 0 0 19 1 0
88 19 0 0 0 0 0 19 0 0
93 19 0 0 0 0 0 0 0 0
94 19 0 0 0 0 0 0 0 0
95 19 0 0 0 0 0 0 0 0
96 19 1 1 0 0 0 0 0 0
110 19 0 0 19 0 0 0 0 0
111 19 0 0 19 0 0 0 0 0
112 19 0 0 0 0 0 19 2 0
113 19 0 0 0 0 0 0 0 0
118 19 0 0 0 0 0 0 0 0
119 19 0 0 0 0 0 0 0 0
120 19 0 0 0 0 0 0 0 0
121 19 0 0 0 0 0 0 0 0
134 19 1 1 19 0 0 0 0 0
135 19 0 0 19 0 0 0 0 0
136 19 0 0 19 0 0 0 0 0
137 19 0 0 19 0 0 0 0 0
138 19 0 0 19 0 0 0 0 0
139 19 0 0 19 0 0 0 0 0
140 19 0 0 19 0 0 0 0 0
141 19 0 0 19 0 0 0 0 0
142 19 0 0 19 0 0 0 0 0
143 19 1 1 19 0 0 0 0 0
144 19 0 0 19 0 0 0 0 0
145 19 0 0 19 0 0 0 0 0
146 19 0 0 19 0 0 0 0 0
147 19 0 0 19 0 0 0 0 0
148 19 0 0 19 0 0 0 0 0
150 19 0 0 0 0 0 0 0 0
152 19 0 0 19 0 0 0 0 0
156 19 0 0 0 0 0 0 0 0
159 19 0 0 0 0 0 0 0 0
fl=/build/glibc-t3gR2i/glibc-2.23/elf/./dl-load.h
fn=_dl_map_object_from_fd
90 12 0 0 0 0 0 0 0 0
91 9 0 0 6 0 0 3 0 0
93 12 0 0 6 1 1 0 0 0
94 10 1 1 6 0 0 0 0 0
95 22 0 0 6 0 0 0 0 0
98 8 1 1 0 0 0 2 0 0
fl=/build/glibc-t3gR2i/glibc-2.23/elf/./dl-map-segments.h
fn=_dl_map_object_from_fd
56 33 0 0 12 0 0 9 2 2
60 9 1 1 3 0 0 0 0 0
63 9 0 0 3 0 0 3 0 0
64 6 0 0 0 0 0 3 0 0
66 6 0 0 3 0 0 0 0 0
72 21 1 1 6 0 0 3 0 0
73 12 1 1 6 0 0 0 0 0
76 6 1 1 6 0 0 0 0 0
86 30 1 1 6 0 0 0 0 0
88 12 0 0 6 0 0 0 0 0
90 42 1 1 15 0 0 6 0 0
100 24 0 0 12 0 0 0 0 0
106 6 0 0 3 0 0 0 0 0
107 3 0 0 0 0 0 0 0 0
108 15 0 0 3 0 0 0 0 0
109 6 0 0 0 0 0 0 0 0
116 6 0 0 0 0 0 0 0 0
119 6 1 1 0 0 0 0 0 0
127 36 1 1 9 0 0 12 0 0
133 6 0 0 0 0 0 0 0 0
137 18 1 1 0 0 0 4 0 0
140 6 0 0 2 0 0 0 0 0
145 6 1 1 0 0 0 0 0 0
fl=/build/glibc-t3gR2i/glibc-2.23/elf/dl-addr.c
fn=_dl_addr
30 2 0 0 1 0 0 1 0 0
31 2 0 0 1 0 0 1 0 0
34 2 1 1 1 0 0 0 0 0
38 1 0 0 1 0 0 0 0 0
39 1 0 0 1 0 0 0 0 0
40 3 0 0 2 0 0 1 0 0
42 2 0 0 2 0 0 0 0 0
45 2 0 0 1 1 0 0 0 0
50 2030 1 1 2 0 0 0 0 0
52 1011 0 0 1011 61 17 0 0 0
53 2022 0 0 0 0 0 0 0 0
55 3628 0 0 907 0 0 0 0 0
61 11175 1 1 2235 482 433 0 0 0
63 8940 0 0 2235 0 0 0 0 0
64 16328 1 1 5110 353 320 0 0 0
69 2235 0 0 0 0 0 0 0 0
71 9044 1 1 2235 136 78 0 0 0
99 3 0 0 1 1 0 0 0 0
100 1 0 0 0 0 0 1 1 0
101 3 0 0 1 1 0 0 0 0
104 2 0 0 0 0 0 0 0 0
116 1 1 1 0 0 0 1 0 0
117 1 0 0 0 0 0 1 0 0
126 11 2 2 0 0 0 8 0 0
131 3 0 0 2 0 0 1 0 0
133 2 0 0 0 0 0 1 0 0
135 2 0 0 0 0 0 0 0 0
138 2 0 0 0 0 0 0 0 0
141 2 1 1 1 1 0 1 0 0
144 9 0 0 7 0 0 0 0 0
fl=/build/glibc-t3gR2i/glibc-2.23/elf/dl-altinit.c
fn=dlinit_alt
33 3 1 1 2 0 0 0 0 0
34 1 0 0 1 0 0 0 0 0
fl=/build/glibc-t3gR2i/glibc-2.23/elf/dl-cache.c
fn=_dl_cache_libcmp
138 36 1 1 24 11 11 0 0 0
139 138 0 0 0 0 0 0 0 0
141 201 0 0 0 0 0 0 0 0
143 73 0 0 0 0 0 0 0 0
149 6 0 0 0 0 0 0 0 0
150 6 1 1 0 0 0 0 0 0
151 15 0 0 3 0 0 0 0 0
153 15 0 0 3 0 0 0 0 0
155 6 0 0 0 0 0 0 0 0
161 128 1 1 0 0 0 0 0 0
163 236 0 0 108 0 0 0 0 0
164 20 0 0 10 0 0 0 0 0
167 54 0 0 0 0 0 0 0 0
168 54 0 0 0 0 0 0 0 0
171 6 0 0 2 0 0 0 0 0
fn=_dl_load_cache_lookup
185 18 2 2 0 0 0 12 0 0
193 4 0 0 2 0 0 0 0 0
196 6 0 0 2 0 0 0 0 0
199 5 1 1 0 0 0 1 0 0
207 5 1 1 1 0 0 0 0 0
208 6 0 0 0 0 0 1 0 0
212 1 0 0 0 0 0 1 0 0
215 4 1 1 1 0 0 0 0 0
218 2 0 0 0 0 0 1 0 0
219 3 0 0 0 0 0 0 0 0
220 6 0 0 0 0 0 1 0 0
241 4 0 0 2 0 0 0 0 0
247 4 1 1 0 0 0 0 0 0
256 10 0 0 0 0 0 4 0 0
262 8 0 0 0 0 0 4 0 0
266 8 1 1 4 0 0 4 0 0
281 308 8 8 64 10 10 30 0 0
297 4 1 1 2 0 0 0 0 0
301 4 0 0 2 0 0 0 0 0
309 18 0 0 2 0 0 2 0 0
310 6 1 1 0 0 0 2 0 0
311 4 0 0 0 0 0 2 0 0
312 16 0 0 14 0 0 0 0 0
fn=_dl_unload_cache
321 1 0 0 0 0 0 0 0 0
322 4 2 2 1 1 0 0 0 0
324 2 0 0 1 0 0 1 0 0
325 1 0 0 0 0 0 1 0 0
327 2 0 0 1 0 0 0 0 0
fl=/build/glibc-t3gR2i/glibc-2.23/elf/dl-debug.c
fn=_dl_debug_initialize
50 10 1 1 0 0 0 0 0 0
51 5 1 1 5 0 0 0 0 0
55 18 1 1 5 0 0 0 0 0
58 1 0 0 0 0 0 1 0 0
59 2 0 0 0 0 0 1 0 0
60 5 0 0 1 0 0 1 0 0
61 2 0 0 0 0 0 1 0 0
64 1 0 0 1 0 0 0 0 0
fn=_dl_debug_state
74 2 0 0 2 0 0 0 0 0
fl=/build/glibc-t3gR2i/glibc-2.23/elf/dl-deps.c
fn=_dl_map_object_deps
144 4 0 0 0 0 0 2 0 0
145 2 0 0 0 0 0 2 0 0
146 7 0 0 0 0 0 2 0 0
152 9 1 1 2 0 0 3 0 0
160 11 1 1 0 0 0 9 0 0
161 9 2 2 0 0 0 0 0 0
178 14 1 1 1 0 0 1 0 0
179 2 0 0 1 0 0 0 0 0
182 3 0 0 0 0 0 2 0 0
188 2 0 0 0 0 0 2 0 0
189 1 0 0 0 0 0 1 0 0
201 2 1 1 1 0 0 1 0 0
202 2 0 0 0 0 0 1 0 0
203 1 0 0 0 0 0 1 0 0
204 2 0 0 0 0 0 2 0 0
209 7 1 1 0 0 0 6 0 0
210 4 0 0 0 0 0 0 0 0
213 5 0 0 0 0 0 5 0 0
217 10 0 0 5 0 0 0 0 0
218 32 2 2 14 1 1 0 0 0
220 3 0 0 0 0 0 0 0 0
222 12 0 0 6 0 0 3 0 0
224 30 1 1 2 0 0 6 0 0
229 18 2 2 9 1 0 0 0 0
231 9 0 0 6 0 0 3 0 0
236 3 0 0 0 0 0 3 0 0
237 3 0 0 0 0 0 3 0 0
238 6 0 0 3 0 0 3 0 0
239 6 0 0 3 0 0 3 0 0
242 316 1 1 82 0 0 0 0 0
243 146 1 1 0 0 0 0 0 0
249 28 0 0 8 0 0 4 0 0
251 4 0 0 0 0 0 4 0 0
254 24 1 1 16 0 0 4 0 0
256 12 0 0 4 0 0 0 0 0
271 4 0 0 4 0 0 0 0 0
273 8 0 0 4 0 0 0 0 0
278 9 0 0 0 0 0 0 0 0
281 3 0 0 0 0 0 3 0 0
282 3 0 0 0 0 0 3 0 0
283 3 0 0 0 0 0 3 0 0
284 6 0 0 3 0 0 3 0 0
286 3 1 1 3 0 0 0 0 0
288 18 0 0 3 0 0 6 0 0
292 12 0 0 4 0 0 0 0 0
293 6 0 0 0 0 0 2 0 0
295 207 1 1 0 0 0 0 0 0
317 9 1 1 0 0 0 4 0 0
338 8 2 2 0 0 0 4 0 0
459 15 1 1 5 0 0 0 0 0
461 9 0 0 0 0 0 3 0 0
463 12 1 1 0 0 0 3 0 0
465 6 0 0 0 0 0 0 0 0
468 3 0 0 0 0 0 3 2 2
469 15 0 0 3 0 0 3 0 0
470 15 0 0 0 0 0 3 0 0
473 3 0 0 0 0 0 3 0 0
474 3 0 0 3 0 0 0 0 0
478 28 1 1 14 0 0 0 0 0
480 5 1 1 5 0 0 0 0 0
481 23 0 0 5 0 0 0 0 0
485 6 1 1 2 0 0 0 0 0
486 1 0 0 0 0 0 1 0 0
489 5 0 0 2 0 0 1 0 0
499 5 1 1 1 0 0 1 0 0
502 2 0 0 0 0 0 0 0 0
507 9 1 1 3 0 0 1 0 0
508 7 0 0 5 0 0 1 0 0
510 15 0 0 5 0 0 0 0 0
516 15 0 0 0 0 0 5 1 1
520 15 1 1 15 0 0 0 0 0
523 3 0 0 1 0 0 1 0 0
574 3 0 0 2 0 0 0 0 0
575 1 0 0 0 0 0 1 0 0
576 3 1 1 1 0 0 0 0 0
611 8 2 2 1 0 0 2 0 0
613 2 0 0 0 0 0 0 0 0
614 1 0 0 0 0 0 1 0 0
617 12 1 1 0 0 0 1 0 0
618 5 1 1 0 0 0 0 0 0
619 5 0 0 1 0 0 1 0 0
623 16 0 0 4 0 0 8 0 0
624 8 0 0 4 0 0 0 0 0
630 27 0 0 4 0 0 0 0 0
632 24 1 1 12 0 0 0 0 0
633 15 0 0 0 0 0 0 0 0
635 27 0 0 9 0 0 0 0 0
636 18 0 0 0 0 0 0 0 0
655 2 1 1 1 0 0 0 0 0
658 6 1 1 0 0 0 0 0 0
661 14 1 1 4 0 0 0 0 0
664 42 1 1 9 0 0 9 0 0
671 2 0 0 1 0 0 1 0 0
673 2 0 0 1 0 0 1 0 0
674 1 1 1 1 0 0 0 0 0
675 3 0 0 1 0 0 0 0 0
682 3 0 0 1 0 0 0 0 0
685 3 1 1 1 0 0 0 0 0
688 8 0 0 7 0 0 0 0 0
fn=openaux
60 8 1 1 0 0 0 4 0 0
63 48 1 1 20 0 0 8 0 0
67 4 0 0 4 0 0 0 0 0
68 8 0 0 8 0 0 0 0 0
fl=/build/glibc-t3gR2i/glibc-2.23/elf/dl-environ.c
fn=_dl_next_ld_env_entry
30 3 1 1 3 0 0 0 0 0
31 1 0 0 0 0 0 0 0 0
33 211 0 0 70 0 0 0 0 0
35 138 1 1 69 33 33 0 0 0
36 20 0 0 10 0 0 0 0 0
38 2 0 0 0 0 0 0 0 0
41 4 0 0 0 0 0 2 0 0
43 2 0 0 2 0 0 0 0 0
46 67 0 0 0 0 0 0 0 0
50 1 0 0 1 0 0 0 0 0
fl=/build/glibc-t3gR2i/glibc-2.23/elf/dl-error.c
fn=_dl_catch_error
163 20 1 1 0 0 0 15 0 0
175 10 0 0 0 0 0 10 4 4
176 10 1 1 0 0 0 10 0 0
177 10 0 0 0 0 0 10 1 1
178 10 0 0 0 0 0 5 0 0
180 5 0 0 5 0 0 5 0 0
181 10 0 0 5 0 0 5 0 0
182 15 0 0 0 0 0 10 0 0
185 30 1 1 0 0 0 5 0 0
187 15 0 0 10 0 0 5 0 0
188 15 0 0 10 0 0 5 0 0
189 10 0 0 5 0 0 5 0 0
190 10 0 0 5 0 0 5 0 0
191 10 1 1 5 0 0 5 0 0
199 20 0 0 10 0 0 0 0 0
fn=_dl_receive_error
205 10 1 1 0 0 0 6 0 0
206 2 0 0 1 0 0 1 0 0
210 1 0 0 1 0 0 0 0 0
211 1 0 0 1 0 0 0 0 0
214 1 0 0 0 0 0 1 0 0
215 1 0 0 0 0 0 1 0 0
217 2 0 0 0 0 0 1 0 0
219 1 0 0 0 0 0 1 0 0
220 1 0 0 0 0 0 1 0 0
221 8 1 1 7 0 0 0 0 0
fl=/build/glibc-t3gR2i/glibc-2.23/elf/dl-fini.c
fn=_dl_fini
31 1 0 0 0 0 0 1 0 0
33 2 0 0 0 0 0 0 0 0
38 3 1 1 0 0 0 1 0 0
39 9 0 0 0 0 0 1 0 0
40 3 0 0 0 0 0 1 0 0
44 12 0 0 4 0 0 4 0 0
45 12 0 0 8 0 0 0 0 0
49 16 1 1 8 0 0 0 0 0
55 8 0 0 4 0 0 0 0 0
56 23 0 0 10 0 0 0 0 0
58 30 0 0 18 1 0 0 0 0
59 15 0 0 0 0 0 0 0 0
61 27 1 1 9 2 0 0 0 0
62 18 0 0 0 0 0 0 0 0
81 4 0 0 1 0 0 1 0 0
92 18 1 1 6 0 0 0 0 0
113 6 0 0 0 0 0 0 0 0
117 20 0 0 4 0 0 4 0 0
120 32 1 1 10 0 0 3 0 0
130 8 1 1 0 0 0 6 0 0
147 1 0 0 0 0 0 1 0 0
150 15 1 1 3 0 0 1 0 0
153 2 1 1 1 0 0 1 0 0
155 1 0 0 1 1 0 0 0 0
158 2 0 0 0 0 0 0 0 0
160 6 1 1 3 0 0 0 0 0
165 1 0 0 0 0 0 1 0 0
168 9 0 0 0 0 0 1 0 0
173 16 0 0 5 1 0 0 0 0
175 10 0 0 5 1 0 0 0 0
177 10 1 1 0 0 0 0 0 0
179 10 0 0 0 0 0 5 0 0
180 5 0 0 0 0 0 5 3 0
181 5 0 0 0 0 0 0 0 0
185 5 0 0 5 1 0 0 0 0
187 9 1 1 1 0 0 1 0 0
188 2 0 0 1 0 0 0 0 0
192 2 0 0 1 0 0 1 0 0
201 3 1 1 2 0 0 1 0 0
206 16 0 0 8 0 0 0 0 0
208 5 0 0 5 0 0 0 0 0
210 15 1 1 5 0 0 0 0 0
213 10 0 0 0 0 0 5 0 0
216 15 0 0 5 3 0 0 0 0
217 6 0 0 2 2 0 0 0 0
220 6 0 0 3 0 0 0 0 0
229 6 0 0 6 1 0 0 0 0
232 9 0 0 6 1 0 0 0 0
234 24 1 1 3 3 0 0 0 0
235 6 0 0 3 3 0 3 0 0
239 6 0 0 0 0 0 0 0 0
240 9 0 0 6 3 0 3 0 0
246 30 1 1 10 1 0 0 0 0
262 10 0 0 5 0 0 0 0 0
268 6 2 2 2 0 0 0 0 0
270 1 0 0 0 0 0 1 0 0
274 2 0 0 1 0 0 0 0 0
281 8 0 0 7 0 0 0 0 0
fl=/build/glibc-t3gR2i/glibc-2.23/elf/dl-hwcaps.c
fn=_dl_important_hwcaps
39 12 2 2 0 0 0 10 2 2
41 1 0 0 1 0 0 0 0 0
42 3 0 0 0 0 0 0 0 0
51 3 0 0 1 0 0 0 0 0
61 4 1 1 1 0 0 1 0 0
113 1 1 1 0 0 0 0 0 0
115 5 2 2 0 0 0 1 0 0
130 10 0 0 0 0 0 1 0 0
131 1 0 0 0 0 0 0 0 0
162 2 1 1 0 0 0 0 0 0
170 3 1 1 1 0 0 0 0 0
172 2 0 0 1 0 0 1 0 0
173 5 0 0 1 0 0 1 0 0
177 3 0 0 1 0 0 1 0 0
178 1 0 0 0 0 0 1 0 0
181 2 1 1 0 0 0 0 0 0
184 2 0 0 0 0 0 0 0 0
185 1 0 0 1 0 0 0 0 0
188 12 1 1 2 0 0 2 0 0
189 2 0 0 0 0 0 0 0 0
207 11 2 2 2 0 0 5 0 0
208 6 0 0 0 0 0 3 1 1
209 6 1 1 4 0 0 0 0 0
238 3 0 0 0 0 0 2 1 1
241 2 0 0 0 0 0 0 0 0
243 10 1 1 3 0 0 4 0 0
244 20 1 1 5 0 0 5 0 0
264 7 1 1 2 0 0 0 0 0
269 10 0 0 2 0 0 0 0 0
270 8 1 1 0 0 0 4 0 0
274 11 0 0 0 0 0 0 0 0
277 26 0 0 0 0 0 0 0 0
278 24 1 1 0 0 0 0 0 0
279 12 0 0 8 0 0 0 0 0
281 4 0 0 0 0 0 0 0 0
284 3 0 0 1 0 0 0 0 0
285 2 0 0 1 0 0 0 0 0
286 12 2 2 3 0 0 0 0 0
299 6 0 0 2 0 0 2 0 0
300 2 0 0 0 0 0 0 0 0
302 4 0 0 0 0 0 0 0 0
305 4 0 0 3 0 0 1 0 0
307 1 0 0 0 0 0 0 0 0
308 10 1 1 7 0 0 1 0 0
fl=/build/glibc-t3gR2i/glibc-2.23/elf/dl-init.c
fn=_dl_init
30 32 1 1 6 0 0 4 0 0
80 11 2 2 0 0 0 6 0 0
81 1 0 0 1 1 0 0 0 0
82 1 0 0 1 0 0 0 0 0
85 3 0 0 1 0 0 0 0 0
88 2 0 0 0 0 0 1 0 0
93 2 0 0 0 0 0 0 0 0
94 2 1 1 1 0 0 0 0 0
104 2 1 1 0 0 0 1 0 0
119 18 0 0 0 0 0 0 0 0
120 15 0 0 10 0 0 0 0 0
126 8 0 0 7 0 0 0 0 0
fn=call_init.part.0
28 25 0 0 0 0 0 25 0 0
36 15 0 0 5 0 0 5 0 0
39 20 0 0 10 1 0 0 0 0
40 3 0 0 0 0 0 0 0 0
44 28 1 1 4 2 0 0 0 0
45 3 1 1 1 0 0 0 0 0
49 6 0 0 3 0 0 0 0 0
58 21 0 0 9 6 0 3 0 0
62 6 0 0 0 0 0 0 0 0
68 9 0 0 6 1 0 0 0 0
70 6 1 1 6 0 0 0 0 0
71 23 0 0 0 0 0 0 0 0
72 20 0 0 4 1 0 4 0 0
74 30 0 0 30 0 0 0 0 0
fl=/build/glibc-t3gR2i/glibc-2.23/elf/dl-load.c
fn=_dl_init_paths
661 9 2 2 0 0 0 6 0 0
674 6 0 0 2 0 0 2 0 0
678 1 0 0 0 0 0 1 0 0
679 2 0 0 0 0 0 1 0 0
680 3 1 1 0 0 0 0 0 0
687 6 0 0 0 0 0 0 0 0
688 4 0 0 1 0 0 2 0 0
691 1 0 0 0 0 0 1 0 0
692 2 1 1 0 0 0 1 0 0
694 2 0 0 0 0 0 0 0 0
700 1 0 0 0 0 0 1 0 0
701 1 0 0 0 0 0 1 0 0
709 3 0 0 0 0 0 3 0 0
711 8 0 0 0 0 0 4 1 1
712 4 2 2 0 0 0 4 2 2
714 9 0 0 0 0 0 4 0 0
715 13 0 0 3 1 1 4 1 1
716 12 0 0 0 0 0 3 0 0
719 6 0 0 3 1 1 0 0 0
720 32 1 1 12 0 0 8 0 0
723 35 0 0 4 0 0 6 0 0
729 1 0 0 0 0 0 1 1 1
730 1 1 1 0 0 0 1 0 0
734 1 0 0 1 0 0 0 0 0
735 2 0 0 0 0 0 0 0 0
737 4 1 1 1 0 0 0 0 0
739 3 0 0 1 0 0 0 0 0
756 1 1 1 0 0 0 1 0 0
758 3 1 1 1 0 0 0 0 0
772 2 1 1 0 0 0 1 0 0
777 5 1 1 1 0 0 0 0 0
785 5 1 1 0 0 0 1 0 0
787 11 0 0 0 0 0 2 0 0
791 58 1 1 0 0 0 0 0 0
804 57 0 0 14 0 0 0 0 0
808 14 0 0 0 0 0 0 0 0
811 1 0 0 0 0 0 1 0 0
812 1 0 0 0 0 0 1 0 0
813 2 0 0 0 0 0 0 0 0
819 9 1 1 1 0 0 2 0 0
823 5 0 0 4 0 0 0 0 0
829 1 0 0 0 0 0 1 0 0
833 8 0 0 7 0 0 0 0 0
fn=_dl_map_object
372 5 1 1 0 0 0 1 0 0
376 2 0 0 0 0 0 1 0 0
638 18 1 1 6 0 0 0 0 0
2167 45 1 1 0 0 0 40 3 3
2169 3 0 0 0 0 0 3 0 0
2175 10 0 0 0 0 0 0 0 0
2176 20 1 1 5 0 0 0 0 0
2179 82 0 0 19 0 0 0 0 0
2184 112 1 1 16 0 0 0 0 0
2186 80 0 0 0 0 0 16 0 0
2190 28 0 0 14 0 0 0 0 0
2191 42 0 0 14 0 0 0 0 0
2194 6 0 0 6 0 0 0 0 0
2196 36 1 1 12 0 0 6 0 0
2213 15 1 1 6 0 0 3 0 0
2222 9 1 1 3 0 0 0 0 0
2256 3 0 0 0 0 0 3 0 0
2258 15 0 0 0 0 0 3 0 0
2262 8 1 1 0 0 0 4 0 0
2264 4 0 0 2 0 0 0 0 0
2271 8 1 1 2 0 0 0 0 0
2275 4 1 1 2 0 0 2 0 0
2280 12 1 1 2 0 0 2 0 0
2281 2 0 0 0 0 0 0 0 0
2283 18 1 1 0 0 0 6 0 0
2295 6 1 1 4 0 0 0 0 0
2296 16 0 0 4 0 0 2 0 0
2297 2 1 1 0 0 0 0 0 0
2306 4 0 0 2 0 0 0 0 0
2307 30 1 1 2 0 0 8 0 0
2313 10 0 0 2 0 0 0 0 0
2314 2 1 1 0 0 0 0 0 0
2322 2 0 0 0 0 0 2 0 0
2336 4 2 2 0 0 0 0 0 0
2338 6 0 0 2 0 0 0 0 0
2342 6 0 0 0 0 0 4 0 0
2344 4 0 0 0 0 0 0 0 0
2348 4 0 0 0 0 0 0 0 0
2356 6 0 0 2 0 0 0 0 0
2379 22 1 1 2 0 0 4 0 0
2383 8 0 0 4 0 0 0 0 0
2384 4 0 0 0 0 0 2 0 0
2401 4 1 1 2 0 0 0 0 0
2407 1 0 0 0 0 0 1 0 0
2409 2 0 0 0 0 0 0 0 0
2410 3 0 0 0 0 0 0 0 0
2414 10 1 1 0 0 0 2 0 0
2417 4 0 0 2 0 0 0 0 0
2429 9 0 0 0 0 0 0 0 0
2431 8 1 1 0 0 0 0 0 0
2475 6 0 0 3 0 0 3 0 0
2476 46 1 1 9 0 0 15 0 0
2478 40 0 0 35 0 0 0 0 0
fn=_dl_map_object_from_fd
871 45 2 2 0 0 0 33 2 2
881 12 0 0 3 0 0 6 1 1
882 3 0 0 0 0 0 3 0 0
897 51 1 1 18 0 0 0 0 0
898 18 0 0 9 0 0 0 0 0
915 6 1 1 3 0 0 0 0 0
939 6 0 0 3 0 0 0 0 0
949 6 0 0 3 0 0 0 0 0
971 12 1 1 6 0 0 0 0 0
1003 6 0 0 0 0 0 0 0 0
1006 24 1 1 15 0 0 3 0 0
1007 6 0 0 0 0 0 0 0 0
1018 9 0 0 6 0 0 3 2 2
1019 12 1 1 6 0 0 6 0 0
1020 6 1 1 3 0 0 3 0 0
1022 12 0 0 0 0 0 0 0 0
1023 12 0 0 6 0 0 0 0 0
1024 3 0 0 0 0 0 0 0 0
1041 3 0 0 0 0 0 3 0 0
1043 30 1 1 0 0 0 6 0 0
1051 201 0 0 0 0 0 0 0 0
1052 180 2 2 24 0 0 0 0 0
1058 6 0 0 3 0 0 3 0 0
1059 9 0 0 3 0 0 3 0 0
1060 3 0 0 0 0 0 0 0 0
1063 2 0 0 1 0 0 1 0 0
1064 1 0 0 0 0 0 0 0 0
1069 30 1 1 12 0 0 0 0 0
1074 48 1 1 12 0 0 0 0 0
1082 24 0 0 0 0 0 0 0 0
1083 24 0 0 0 0 0 6 3 3
1084 30 0 0 6 0 0 6 0 0
1085 6 1 1 0 0 0 6 3 3
1086 12 0 0 6 0 0 6 0 0
1087 12 0 0 0 0 0 6 0 0
1091 12 0 0 0 0 0 0 0 0
1092 18 0 0 9 0 0 3 0 0
1096 54 1 1 6 0 0 6 0 0
1107 6 0 0 0 0 0 0 0 0
1110 3 1 1 1 0 0 0 0 0
1114 1 0 0 0 0 0 1 1 1
1115 3 0 0 2 0 0 1 0 0
1116 2 0 0 0 0 0 0 0 0
1119 3 0 0 0 0 0 1 0 0
1120 2 0 0 1 0 0 1 0 0
1123 1 0 0 0 0 0 1 0 0
1127 4 0 0 1 0 0 0 0 0
1133 3 0 0 1 0 0 2 1 1
1134 1 0 0 0 0 0 0 0 0
1138 24 1 1 3 0 0 9 0 0
1146 6 0 0 0 0 0 3 0 0
1189 6 1 1 3 0 0 3 0 0
1190 3 0 0 0 0 0 0 0 0
1193 6 1 1 3 0 0 3 1 1
1194 9 0 0 6 0 0 3 0 0
1195 3 0 0 0 0 0 0 0 0
1198 9 0 0 3 0 0 0 0 0
1207 6 0 0 0 0 0 0 0 0
1217 27 1 1 12 0 0 3 0 0
1229 12 1 1 6 0 0 0 0 0
1233 4 1 1 2 0 0 0 0 0
1238 9 0 0 3 0 0 3 0 0
1245 6 0 0 0 0 0 0 0 0
1260 9 1 1 3 0 0 0 0 0
1279 6 0 0 3 0 0 3 0 0
1281 15 0 0 6 0 0 0 0 0
1335 9 1 1 3 2 2 0 0 0
1336 2 0 0 1 0 0 1 0 0
1339 12 0 0 3 0 0 3 0 0
1348 6 0 0 3 0 0 0 0 0
1350 12 0 0 6 0 0 3 0 0
1352 6 1 1 3 0 0 0 0 0
1368 6 0 0 0 0 0 3 0 0
1372 6 0 0 3 0 0 0 0 0
1373 6 0 0 3 0 0 0 0 0
1390 6 1 1 3 0 0 0 0 0
1391 2 0 0 0 0 0 1 0 0
1394 9 0 0 3 0 0 6 0 0
1399 6 0 0 3 0 0 0 0 0
1409 6 1 1 3 0 0 0 0 0
1419 9 0 0 3 0 0 3 0 0
1423 12 0 0 3 0 0 0 0 0
1443 24 0 0 21 0 0 0 0 0
fn=fillin_rpath
372 5 1 1 0 0 0 1 0 0
376 3 0 0 0 0 0 1 0 0
433 17 2 2 0 0 0 12 0 0
435 1 0 0 0 0 0 0 0 0
438 9 0 0 0 0 0 2 0 0
444 3 0 0 0 0 0 1 0 0
448 2 0 0 0 0 0 0 0 0
455 8 2 2 1 0 0 0 0 0
460 3 0 0 0 0 0 1 0 0
463 3 1 1 1 0 0 0 0 0
470 15 0 0 5 0 0 0 0 0
471 8 1 1 4 0 0 0 0 0
489 4 2 2 1 0 0 1 0 0
492 5 0 0 1 0 0 2 0 0
493 2 1 1 1 0 0 0 0 0
495 3 0 0 1 0 0 0 0 0
499 1 0 0 0 0 0 1 1 1
500 1 0 0 0 0 0 0 0 0
501 4 0 0 0 0 0 2 0 0
502 1 0 0 0 0 0 1 0 0
504 2 1 1 1 0 0 0 0 0
510 4 0 0 1 0 0 0 0 0
511 18 2 2 1 0 0 0 0 0
512 11 1 1 0 0 0 4 0 0
514 2 1 1 1 0 0 1 0 0
515 3 0 0 1 0 0 0 0 0
520 2 0 0 0 0 0 1 0 0
522 3 0 0 1 0 0 1 0 0
523 1 0 0 0 0 0 1 0 0
526 2 1 1 0 0 0 1 0 0
528 4 0 0 2 0 0 1 0 0
532 1 0 0 0 0 0 1 0 0
535 9 0 0 7 0 0 0 0 0
fn=open_path
2018 16 1 1 0 0 0 12 0 0
2019 4 0 0 2 0 0 2 0 0
2022 2 0 0 0 0 0 2 0 0
2023 2 0 0 0 0 0 2 0 0
2025 4 0 0 0 0 0 0 0 0
2030 34 1 1 4 0 0 14 1 1
2033 2 0 0 2 0 0 0 0 0
2042 4 1 1 2 0 0 0 0 0
2049 10 0 0 4 0 0 4 0 0
2050 43 1 1 3 0 0 0 0 0
2053 16 1 1 8 0 0 0 0 0
2056 10 0 0 0 0 0 0 0 0
2057 40 1 1 25 0 0 10 0 0
2058 20 0 0 5 0 0 0 0 0
2063 10 0 0 5 0 0 0 0 0
2064 3 1 1 0 0 0 0 0 0
2066 50 1 1 25 0 0 10 1 1
2068 25 0 0 15 0 0 0 0 0
2070 8 0 0 0 0 0 0 0 0
2075 8 1 1 4 0 0 0 0 0
2076 36 0 0 16 0 0 0 0 0
2082 16 2 2 4 0 0 6 0 0
2084 24 0 0 4 0 0 4 0 0
2085 2 0 0 1 0 0 0 0 0
2087 17 0 0 0 0 0 4 0 0
2094 16 0 0 4 0 0 0 0 0
2096 2 1 1 0 0 0 0 0 0
2104 8 0 0 2 0 0 2 0 0
2132 2 0 0 0 0 0 0 0 0
2135 14 1 1 2 0 0 0 0 0
2140 2 0 0 2 0 0 0 0 0
2142 8 1 1 6 0 0 0 0 0
2145 6 0 0 2 0 0 0 0 0
2159 16 0 0 14 0 0 0 0 0
fn=open_verify.constprop.7
1695 112 1 1 8 0 0 72 2 2
1734 38 0 0 8 0 0 0 0 0
1765 40 1 1 0 0 0 16 0 0
1767 19 0 0 0 0 0 0 0 0
1777 3 0 0 0 0 0 3 0 0
1778 6 0 0 0 0 0 3 2 2
1783 24 1 1 6 0 0 6 0 0
1785 6 0 0 0 0 0 0 0 0
1787 9 0 0 3 0 0 3 0 0
1789 6 0 0 0 0 0 0 0 0
1795 6 0 0 0 0 0 0 0 0
1804 4 2 2 2 0 0 0 0 0
1811 51 4 4 7 0 0 7 0 0
1885 6 0 0 3 0 0 0 0 0
1890 6 0 0 3 0 0 0 0 0
1892 12 0 0 3 0 0 0 0 0
1898 6 0 0 0 0 0 0 0 0
1909 6 0 0 3 0 0 0 0 0
1915 18 1 1 3 1 1 0 0 0
1916 12 0 0 3 0 0 0 0 0
1917 9 0 0 3 0 0 3 0 0
1937 170 2 2 22 0 0 0 0 0
1939 55 1 1 26 5 5 0 0 0
1943 12 0 0 6 0 0 0 0 0
1944 9 0 0 3 0 0 0 0 0
1953 24 1 1 0 0 0 4 0 0
1956 21 0 0 6 0 0 0 0 0
1960 9 0 0 0 0 0 0 0 0
1965 1 0 0 0 0 0 0 0 0
1966 1 0 0 0 0 0 0 0 0
1969 2 0 0 0 0 0 0 0 0
1972 7 0 0 3 0 0 0 0 0
1975 3 0 0 1 0 0 0 0 0
1976 5 0 0 1 0 0 0 0 0
1981 5 1 1 0 0 0 0 0 0
2004 64 1 1 56 0 0 0 0 0
fl=/build/glibc-t3gR2i/glibc-2.23/elf/dl-lookup.c
fn=_dl_lookup_symbol_x
568 6564 1 1 1532 103 95 109 0 0
569 5692 0 0 0 0 0 0 0 0
806 1635 1 1 109 0 0 981 9 2
808 218 0 0 0 0 0 109 1 0
809 218 0 0 0 0 0 218 0 0
812 109 0 0 109 2 0 0 0 0
816 408 1 1 95 0 0 0 0 0
820 763 0 0 218 0 0 327 0 0
821 218 0 0 0 0 0 0 0 0
823 218 0 0 218 3 0 0 0 0
827 377 1 1 10 0 0 0 0 0
829 1526 3 2 763 0 0 763 4 1
832 327 0 0 0 0 0 0 0 0
835 10 0 0 0 0 0 0 0 0
858 218 0 0 109 0 0 0 0 0
860 70 1 1 20 0 0 0 0 0
876 10 0 0 0 0 0 10 0 0
877 20 0 0 0 0 0 0 0 0
880 99 0 0 99 0 0 0 0 0
881 693 0 0 198 0 0 0 0 0
912 99 1 1 0 0 0 0 0 0
921 495 0 0 99 0 0 0 0 0
935 297 0 0 99 6 0 0 0 0
936 2 1 1 0 0 0 1 0 0
938 396 0 0 198 0 0 0 0 0
943 99 1 1 0 0 0 99 0 0
945 872 0 0 763 0 0 0 0 0
fn=_dl_setup_hash
956 15 1 1 5 0 0 0 0 0
960 5 0 0 5 0 0 0 0 0
964 10 0 0 5 5 5 5 0 0
965 5 0 0 5 0 0 0 0 0
966 5 0 0 5 1 1 0 0 0
968 15 0 0 0 0 0 0 0 0
969 5 0 0 0 0 0 5 0 0
970 15 0 0 5 0 0 5 0 0
972 5 1 1 0 0 0 5 0 0
973 10 0 0 0 0 0 0 0 0
975 5 0 0 0 0 0 5 0 0
977 15 0 0 0 0 0 5 0 0
978 5 0 0 5 0 0 0 0 0
fn=check_match
92 792 1 1 198 32 19 396 4 1
95 693 0 0 198 8 8 0 0 0
107 594 1 1 99 0 0 99 4 1
110 606 0 0 70 0 0 35 0 0
114 99 1 1 99 5 0 0 0 0
115 198 0 0 0 0 0 0 0 0
117 190 0 0 0 0 0 0 0 0
136 190 0 0 190 22 5 0 0 0
137 760 0 0 285 6 0 0 0 0
138 570 2 2 190 1 0 95 0 0
165 8 0 0 0 0 0 0 0 0
167 24 0 0 8 1 0 0 0 0
168 16 0 0 0 0 0 0 0 0
176 99 0 0 0 0 0 0 0 0
183 594 1 1 495 0 0 0 0 0
fn=do_lookup_x
311 343 0 0 0 0 0 0 0 0
355 1308 2 2 109 0 0 1090 11 3
356 109 0 0 109 2 0 0 0 0
362 109 0 0 109 0 0 0 0 0
366 886 0 0 886 10 0 0 0 0
369 886 0 0 0 0 0 0 0 0
373 1439 1 1 113 0 0 218 0 0
377 884 1 1 442 7 0 0 0 0
381 884 0 0 442 1 0 0 0 0
387 1326 0 0 442 3 0 0 0 0
391 442 0 0 0 0 0 442 0 0
392 442 1 1 0 0 0 442 0 0
395 1326 0 0 884 16 0 442 0 0
396 1326 0 0 884 3 0 442 0 0
399 442 0 0 442 0 0 0 0 0
400 884 0 0 0 0 0 0 0 0
402 1326 0 0 1326 58 33 0 0 0
403 436 0 0 0 0 0 109 0 0
410 5516 1 1 1435 0 0 218 0 0
413 702 1 1 351 75 53 0 0 0
415 234 1 1 0 0 0 0 0 0
417 1469 1 1 452 0 0 565 0 0
420 1100 0 0 220 84 68 0 0 0
422 396 0 0 99 0 0 0 0 0
423 1485 1 1 693 0 0 594 3 0
427 297 1 1 0 0 0 0 0 0
430 363 0 0 0 0 0 0 0 0
439 891 2 2 495 0 0 0 0 0
461 28 1 1 14 0 0 0 0 0
469 198 1 1 99 0 0 0 0 0
519 736 0 0 99 0 0 0 0 0
523 42 0 0 14 1 0 0 0 0
535 198 1 1 99 0 0 99 0 0
536 99 0 0 0 0 0 99 0 0
537 198 0 0 0 0 0 0 0 0
553 2390 1 1 911 2 0 0 0 0
554 395 0 0 0 0 0 79 0 0
555 98 2 2 70 0 0 0 0 0
557 1032 0 0 0 0 0 0 0 0
560 10 0 0 0 0 0 0 0 0
561 872 1 1 763 0 0 0 0 0
fl=/build/glibc-t3gR2i/glibc-2.23/elf/dl-minimal.c
fn=__libc_memalign
52 81 1 1 0 0 0 54 0 0
53 107 1 1 53 0 0 0 0 0
58 5 0 0 0 0 0 1 0 0
59 2 1 1 1 0 0 0 0 0
64 108 0 0 0 0 0 27 0 0
67 177 0 0 0 0 0 0 0 0
71 12 1 1 3 0 0 0 0 0
72 6 0 0 0 0 0 0 0 0
78 24 0 0 0 0 0 3 0 0
80 15 0 0 6 0 0 0 0 0
84 9 0 0 0 0 0 3 0 0
87 27 0 0 0 0 0 27 0 0
88 27 0 0 0 0 0 27 0 0
90 135 0 0 81 0 0 0 0 0
fn=calloc
103 10 1 1 0 0 0 0 0 0
107 10 0 0 0 0 0 0 0 0
111 50 0 0 0 0 0 0 0 0
114 10 0 0 0 0 0 0 0 0
fn=free
120 1 1 1 0 0 0 1 0 0
122 3 0 0 1 0 0 0 0 0
129 2 0 0 2 0 0 0 0 0
fn=malloc
94 26 1 1 0 0 0 0 0 0
95 52 0 0 0 0 0 0 0 0
fn=strsep
354 8 1 1 4 0 0 0 0 0
356 4 0 0 4 0 0 0 0 0
357 8 0 0 0 0 0 0 0 0
361 319 1 1 63 0 0 0 0 0
366 244 0 0 122 0 0 0 0 0
368 366 0 0 122 0 0 0 0 0
376 61 0 0 0 0 0 0 0 0
379 2 0 0 0 0 0 2 0 0
383 4 0 0 4 0 0 0 0 0
fl=/build/glibc-t3gR2i/glibc-2.23/elf/dl-misc.c
fn=_dl_name_match_p
288 540 1 1 0 0 0 216 4 2
289 432 1 1 108 1 0 108 0 0
290 113 0 0 0 0 0 0 0 0
292 108 0 0 108 0 0 0 0 0
294 434 0 0 0 0 0 0 0 0
295 570 0 0 114 5 0 114 0 0
298 109 0 0 109 0 0 0 0 0
300 103 0 0 0 0 0 0 0 0
301 540 1 1 324 0 0 0 0 0
fn=_dl_sysdep_read_whole_file
45 8 2 2 0 0 0 4 0 0
52 3 0 0 0 0 0 1 0 0
53 2 0 0 0 0 0 0 0 0
55 7 0 0 0 0 0 1 0 0
57 2 0 0 1 0 0 1 0 0
60 2 0 0 0 0 0 0 0 0
62 8 1 1 0 0 0 1 0 0
73 2 0 0 0 0 0 1 0 0
76 7 0 0 5 0 0 0 0 0
fl=/build/glibc-t3gR2i/glibc-2.23/elf/dl-object.c
fn=_dl_add_to_namespace_list
32 20 1 1 0 0 0 12 0 0
34 12 1 1 4 0 0 4 0 0
36 31 0 0 4 0 0 0 0 0
39 27 0 0 9 0 0 0 0 0
41 3 0 0 0 0 0 3 0 0
43 3 0 0 0 0 0 3 0 0
46 2 1 1 0 0 0 1 0 0
47 12 0 0 4 0 0 0 0 0
48 8 0 0 4 0 0 4 0 0
49 8 0 0 0 0 0 4 0 0
51 8 0 0 4 0 0 0 0 0
52 12 0 0 12 0 0 0 0 0
fn=_dl_new_object
61 56 1 1 0 0 0 40 3 3
62 12 0 0 0 0 0 4 1 1
68 52 3 3 8 1 1 0 0 0
75 20 0 0 0 0 0 8 0 0
78 8 0 0 0 0 0 0 0 0
81 4 0 0 0 0 0 4 4 4
82 8 0 0 0 0 0 4 4 4
85 8 0 0 0 0 0 4 0 0
87 20 1 1 8 0 0 8 2 2
89 4 0 0 0 0 0 4 0 0
97 24 1 1 8 0 0 4 1 1
98 24 0 0 8 4 4 4 0 0
101 8 0 0 4 0 0 0 0 0
102 11 0 0 3 0 0 4 4 4
103 4 0 0 0 0 0 4 0 0
107 4 0 0 0 0 0 4 0 0
110 46 1 1 0 0 0 0 0 0
112 32 0 0 0 0 0 16 4 4
122 8 0 0 0 0 0 4 1 1
123 4 0 0 0 0 0 4 4 4
128 24 1 1 4 1 1 0 0 0
130 12 0 0 0 0 0 3 1 1
133 10 1 1 0 0 0 0 0 0
137 9 0 0 3 0 0 0 0 0
141 18 0 0 0 0 0 0 0 0
143 5 1 1 1 0 0 0 0 0
149 1 0 0 0 0 0 1 0 0
152 8 0 0 0 0 0 4 1 1
155 12 1 1 0 0 0 4 0 0
157 21 0 0 3 0 0 6 0 0
161 12 0 0 3 0 0 0 0 0
165 9 0 0 0 0 0 3 0 0
166 12 0 0 0 0 0 0 0 0
168 1 1 1 0 0 0 0 0 0
211 67 2 2 6 0 0 3 0 0
216 58 0 0 0 0 0 0 0 0
217 122 0 0 58 0 0 0 0 0
222 6 0 0 0 0 0 3 0 0
225 6 0 0 0 0 0 3 0 0
229 32 0 0 28 0 0 0 0 0
fl=/build/glibc-t3gR2i/glibc-2.23/elf/dl-open.c
fn=_dl_find_dso_for_object
182 5 1 1 1 0 0 0 0 0
183 13 2 2 4 0 0 0 0 0
184 16 0 0 8 1 0 0 0 0
185 2 0 0 1 0 0 0 0 0
188 2 1 1 1 0 0 0 0 0
192 1 0 0 1 0 0 0 0 0
fl=/build/glibc-t3gR2i/glibc-2.23/elf/dl-reloc.c
fn=_dl_relocate_object
149 60 2 2 0 0 0 40 0 0
156 5 0 0 0 0 0 5 0 0
159 10 0 0 0 0 0 0 0 0
160 30 0 0 0 0 0 15 0 0
164 10 0 0 0 0 0 0 0 0
165 30 0 0 5 1 0 5 0 0
171 10 0 0 5 0 0 0 0 0
177 15 1 1 5 0 0 0 0 0
178 10 1 1 5 4 0 0 0 0
181 10 0 0 5 0 0 0 0 0
188 10 0 0 5 0 0 0 0 0
232 15 0 0 10 0 0 5 0 0
258 240 4 4 74 16 0 67 0 0
261 20 0 0 5 0 0 0 0 0
285 5 0 0 5 0 0 0 0 0
288 10 0 0 5 0 0 0 0 0
305 15 0 0 5 3 0 0 0 0
307 40 0 0 35 1 0 0 0 0
313 35 2 2 15 0 0 5 0 0
316 10 0 0 0 0 0 0 0 0
320 10 0 0 0 0 0 0 0 0
321 35 0 0 5 0 0 5 0 0
fl=/build/glibc-t3gR2i/glibc-2.23/elf/dl-tls.c
fn=_dl_add_to_slotinfo
890 4 1 1 0 0 0 3 0 0
896 2 0 0 1 0 0 0 0 0
899 1 0 0 1 1 0 0 0 0
904 5 1 1 1 0 0 0 0 0
945 1 0 0 0 0 0 1 1 0
946 3 0 0 1 1 0 1 0 0
947 4 0 0 4 0 0 0 0 0
fn=_dl_allocate_tls_init
449 7 0 0 0 0 0 6 0 0
450 2 1 1 0 0 0 0 0 0
454 2 0 0 1 1 0 1 0 0
456 1 0 0 0 0 0 1 0 0
457 3 0 0 1 0 0 0 0 0
460 4 0 0 2 1 0 1 0 0
472 1 1 1 1 0 0 0 0 0
477 9 0 0 1 0 0 0 0 0
483 16 1 1 1 0 0 1 0 0
486 1 0 0 1 0 0 0 0 0
487 2 0 0 0 0 0 0 0 0
493 3 1 1 2 0 0 0 0 0
494 2 0 0 0 0 0 0 0 0
496 5 0 0 2 1 0 1 0 0
497 1 0 0 0 0 0 1 0 0
499 3 0 0 0 0 0 0 0 0
500 1 0 0 1 0 0 0 0 0
503 2 1 1 0 0 0 0 0 0
504 4 0 0 2 0 0 0 0 0
506 2 0 0 0 0 0 0 0 0
515 12 1 1 4 0 0 2 0 0
529 2 1 1 1 0 0 1 0 0
531 1 0 0 1 0 0 0 0 0
532 8 1 1 7 0 0 0 0 0
fn=_dl_allocate_tls_storage
321 2 0 0 1 0 0 0 0 0
322 3 2 2 0 0 0 1 0 0
323 2 0 0 0 0 0 0 0 0
326 1 0 0 0 0 0 1 1 1
332 2 0 0 0 0 0 1 0 0
354 3 1 1 0 0 0 3 0 0
356 1 0 0 1 0 0 0 0 0
367 3 0 0 1 0 0 1 0 0
368 2 0 0 0 0 0 0 0 0
375 2 0 0 0 0 0 0 0 0
379 297 0 0 0 0 0 289 36 36
396 5 0 0 4 0 0 0 0 0
fn=_dl_count_modids
115 2 1 1 1 0 0 0 0 0
116 2 0 0 2 0 0 0 0 0
fn=_dl_determine_tlsoffset
138 7 1 1 0 0 0 6 0 0
144 3 1 1 1 0 0 0 0 0
147 2 0 0 1 0 0 0 0 0
183 9 1 1 2 1 1 0 0 0
185 10 1 1 1 0 0 0 0 0
187 4 0 0 1 0 0 0 0 0
188 1 1 1 1 0 0 0 0 0
190 3 0 0 0 0 0 0 0 0
192 7 1 1 1 0 0 0 0 0
208 6 0 0 0 0 0 0 0 0
210 4 0 0 0 0 0 0 0 0
220 1 0 0 0 0 0 1 0 0
223 4 0 0 0 0 0 1 0 0
224 1 0 0 0 0 0 1 0 0
275 1 0 0 0 0 0 1 0 0
276 8 1 1 7 0 0 0 0 0
fn=_dl_next_tls_modid
49 1 1 1 0 0 0 0 0 0
52 4 0 0 2 0 0 0 0 0
100 1 0 0 0 0 0 1 0 0
104 2 0 0 1 0 0 0 0 0
fl=/build/glibc-t3gR2i/glibc-2.23/elf/dl-version.c
fn=_dl_check_all_versions
380 5 1 1 0 0 0 4 0 0
384 22 0 0 5 0 0 0 0 0
385 5 0 0 0 0 0 0 0 0
386 50 1 1 5 0 0 5 0 0
389 7 0 0 5 0 0 0 0 0
fn=_dl_check_map_versions
56 41 0 0 6 0 0 0 0 0
57 10 0 0 10 0 0 0 0 0
58 68 1 1 0 0 0 13 0 0
174 45 0 0 0 0 0 30 0 0
175 2 0 0 0 0 0 0 0 0
183 2 0 0 0 0 0 0 0 0
189 15 1 1 5 0 0 0 0 0
190 2 0 0 0 0 0 0 0 0
191 10 0 0 5 0 0 5 0 0
193 10 0 0 5 0 0 5 0 0
194 20 1 1 5 0 0 15 0 0
196 10 0 0 0 0 0 0 0 0
199 9 0 0 6 0 0 3 0 0
203 15 1 1 3 3 3 0 0 0
220 6 0 0 6 0 0 0 0 0
228 9 0 0 3 0 0 0 0 0
233 24 0 0 6 1 1 0 0 0
237 223 2 2 123 4 3 26 0 0
244 78 0 0 39 0 0 0 0 0
247 39 0 0 13 0 0 0 0 0
252 10 0 0 0 0 0 0 0 0
256 18 1 1 6 0 0 0 0 0
270 10 1 1 5 0 0 0 0 0
273 8 0 0 6 0 0 0 0 0
276 120 0 0 30 2 2 0 0 0
279 90 0 0 30 1 1 0 0 0
283 28 0 0 0 0 0 0 0 0
287 12 1 1 0 0 0 0 0 0
292 4 0 0 0 0 0 4 0 0
293 16 0 0 0 0 0 4 0 0
294 8 0 0 0 0 0 0 0 0
302 4 0 0 0 0 0 4 0 0
305 12 1 1 8 0 0 4 1 0
307 12 0 0 4 0 0 0 0 0
310 12 0 0 9 0 0 0 0 0
314 9 0 0 3 0 0 0 0 0
317 39 1 1 13 0 0 0 0 0
319 39 0 0 0 0 0 0 0 0
321 65 0 0 13 0 0 13 0 0
322 39 0 0 0 0 0 13 6 6
323 39 0 0 13 0 0 13 1 1
324 39 1 1 13 0 0 13 1 1
327 39 0 0 13 0 0 0 0 0
332 10 0 0 0 0 0 0 0 0
335 9 0 0 3 0 0 0 0 0
345 12 0 0 4 0 0 0 0 0
348 8 0 0 6 0 0 0 0 0
352 28 0 0 28 0 0 0 0 0
354 60 0 0 30 0 0 0 0 0
359 168 0 0 56 0 0 28 8 8
360 84 0 0 28 0 0 28 0 0
361 28 0 0 0 0 0 28 3 3
364 90 0 0 30 0 0 0 0 0
368 28 0 0 0 0 0 0 0 0
374 44 2 2 35 0 0 0 0 0
fn=match_symbol
76 169 1 1 0 0 0 104 0 0
77 26 0 0 26 0 0 0 0 0
85 26 1 1 13 0 0 0 0 0
91 39 0 0 13 0 0 0 0 0
106 13 0 0 13 1 0 0 0 0
107 26 0 0 0 0 0 0 0 0
109 13 0 0 13 0 0 0 0 0
114 198 1 1 99 9 9 0 0 0
128 198 0 0 99 2 2 0 0 0
133 91 2 2 26 0 0 13 0 0
140 258 0 0 86 3 3 0 0 0
144 86 0 0 0 0 0 0 0 0
168 104 0 0 91 0 0 0 0 0
fl=/build/glibc-t3gR2i/glibc-2.23/elf/do-rel.h
fn=_dl_relocate_object
47 30 0 0 10 0 0 10 0 0
48 10 0 0 10 0 0 0 0 0
58 30 0 0 10 0 0 0 0 0
61 380 1 1 0 0 0 0 0 0
63 480 1 1 120 45 45 0 0 0
65 26 0 0 0 0 0 0 0 0
74 8 0 0 0 0 0 0 0 0
75 50 1 1 21 0 0 0 0 0
76 16 0 0 8 0 0 0 0 0
83 12 0 0 6 0 0 6 0 0
84 6 1 1 6 0 0 0 0 0
86 18 0 0 6 0 0 0 0 0
98 18 0 0 0 0 0 0 0 0
108 11 2 2 1 1 1 0 0 0
111 4643 0 0 0 0 0 0 0 0
112 3088 0 0 1544 0 0 0 0 0
118 18 1 1 6 5 0 0 0 0
121 10 0 0 5 3 0 5 1 0
124 332 1 1 111 1 0 4 1 0
127 408 1 1 102 27 24 0 0 0
129 10 0 0 0 0 0 0 0 0
136 408 0 0 204 50 47 0 0 0
137 663 1 1 102 0 0 102 0 0
138 102 0 0 102 2 0 0 0 0
139 204 0 0 102 0 0 0 0 0
143 8 0 0 0 0 0 0 0 0
160 24 2 2 8 0 0 3 0 0
162 20 1 1 5 2 2 0 0 0
170 30 0 0 5 0 0 5 0 0
171 10 0 0 10 0 0 0 0 0
174 2 0 0 0 0 0 0 0 0
fn=_dl_start
83 1 0 0 1 0 0 0 0 0
84 1 0 0 1 0 0 0 0 0
111 33 0 0 0 0 0 0 0 0
112 20 1 1 10 2 2 0 0 0
116 2 0 0 1 0 0 0 0 0
124 22 1 1 0 0 0 0 0 0
136 6 0 0 6 2 2 0 0 0
137 36 0 0 6 0 0 0 0 0
fl=/build/glibc-t3gR2i/glibc-2.23/elf/get-dynamic-info.h
fn=_dl_map_object_from_fd
39 6 0 0 0 0 0 0 0 0
43 3 0 0 0 0 0 0 0 0
45 216 1 1 72 20 20 0 0 0
47 138 1 1 0 0 0 0 0 0
60 63 0 0 0 0 0 0 0 0
61 108 0 0 0 0 0 66 18 18
62 12 0 0 0 0 0 0 0 0
64 3 0 0 0 0 0 0 0 0
65 15 1 1 0 0 0 0 0 0
67 3 0 0 0 0 0 0 0 0
68 15 1 1 0 0 0 0 0 0
70 15 0 0 0 0 0 3 0 0
71 69 0 0 0 0 0 0 0 0
78 6 0 0 0 0 0 0 0 0
98 10 0 0 4 0 0 0 0 0
99 12 0 0 6 0 0 0 0 0
100 12 1 1 6 0 0 0 0 0
101 12 0 0 6 0 0 0 0 0
103 12 0 0 6 0 0 0 0 0
108 12 0 0 6 0 0 0 0 0
109 11 0 0 5 1 1 0 0 0
110 12 1 1 6 0 0 0 0 0
116 9 0 0 3 0 0 0 0 0
121 6 0 0 3 0 0 0 0 0
128 6 0 0 3 0 0 0 0 0
129 9 1 1 6 0 0 0 0 0
145 9 0 0 3 0 0 0 0 0
150 2 0 0 1 0 0 1 0 0
152 2 0 0 0 0 0 0 0 0
154 2 0 0 0 0 0 0 0 0
156 2 0 0 0 0 0 0 0 0
159 9 1 1 3 0 0 0 0 0
161 4 0 0 1 0 0 1 0 0
169 2 0 0 1 0 0 0 0 0
174 2 0 0 0 0 0 0 0 0
177 6 1 1 3 0 0 0 0 0
fn=_dl_start
45 57 0 0 19 6 6 0 0 0
47 36 0 0 0 0 0 0 0 0
48 26 0 0 0 0 0 13 4 4
60 21 1 1 0 0 0 0 0 0
61 18 0 0 0 0 0 4 3 3
62 4 2 2 0 0 0 0 0 0
64 1 0 0 0 0 0 0 0 0
65 5 0 0 0 0 0 0 0 0
67 2 0 0 0 0 0 0 0 0
68 5 1 1 0 0 0 0 0 0
70 6 2 2 0 0 0 1 1 1
71 18 0 0 0 0 0 0 0 0
78 2 0 0 0 0 0 0 0 0
98 4 0 0 2 0 0 0 0 0
99 4 1 1 2 0 0 0 0 0
100 4 0 0 2 0 0 0 0 0
101 4 0 0 2 0 0 0 0 0
103 4 0 0 2 0 0 0 0 0
108 4 1 1 2 0 0 0 0 0
109 4 0 0 2 0 0 0 0 0
110 4 0 0 2 0 0 0 0 0
116 3 0 0 1 0 0 0 0 0
121 2 1 1 1 0 0 0 0 0
128 3 0 0 1 0 0 0 0 0
129 3 0 0 2 0 0 0 0 0
137 3 0 0 1 0 0 0 0 0
139 3 1 1 1 0 0 0 0 0
142 2 0 0 1 0 0 0 0 0
143 2 0 0 1 0 0 0 0 0
fn=dl_main
30 1 0 0 1 0 0 0 0 0
39 2 0 0 0 0 0 0 0 0
43 1 0 0 0 0 0 0 0 0
45 75 0 0 25 7 7 0 0 0
47 48 0 0 0 0 0 0 0 0
60 17 0 0 0 0 0 0 0 0
61 34 0 0 0 0 0 23 6 6
62 4 1 1 0 0 0 0 0 0
64 1 0 0 0 0 0 0 0 0
65 5 1 1 0 0 0 0 0 0
67 1 1 1 0 0 0 0 0 0
68 5 1 1 0 0 0 0 0 0
70 5 0 0 0 0 0 1 0 0
71 24 0 0 0 0 0 0 0 0
78 3 0 0 1 0 0 0 0 0
116 3 1 1 1 0 0 0 0 0
121 2 0 0 1 0 0 0 0 0
128 2 0 0 1 0 0 0 0 0
129 3 1 1 2 0 0 0 0 0
145 3 0 0 1 0 0 0 0 0
159 3 1 1 1 0 0 0 0 0
177 2 1 1 1 0 0 0 0 0
fl=/build/glibc-t3gR2i/glibc-2.23/elf/rtld.c
fn=_dl_initial_error_catch_tsd
648 12 0 0 6 0 0 0 0 0
fn=_dl_start
286 2 1 1 0 0 0 1 1 1
287 2 0 0 0 0 0 1 0 0
288 2 0 0 0 0 0 1 1 1
289 2 1 1 0 0 0 1 0 0
290 2 0 0 0 0 0 1 0 0
298 5 0 0 0 0 0 1 1 1
301 1 0 0 0 0 0 1 0 0
307 4 1 0 0 0 0 1 0 0
316 1 0 0 0 0 0 0 0 0
319 5 1 0 1 1 0 1 1 0
323 2 0 0 1 0 0 0 0 0
337 9 1 1 0 0 0 6 1 1
355 5 0 0 0 0 0 1 1 1
378 1 0 0 0 0 0 1 0 0
381 1 1 1 0 0 0 1 1 1
392 2 0 0 0 0 0 0 0 0
397 26 2 2 9 0 0 0 0 0
399 1 0 0 1 1 1 0 0 0
424 9 0 0 7 1 0 0 0 0
fn=dl_main
703 1 0 0 1 0 0 0 0 0
705 3 0 0 1 0 0 1 0 0
714 1 0 0 0 0 0 1 0 0
716 1 0 0 0 0 0 1 0 0
721 1 1 1 0 0 0 1 0 0
738 12 2 2 0 0 0 7 1 1
747 1 0 0 0 0 0 0 0 0
753 1 0 0 0 0 0 1 0 0
757 2 0 0 0 0 0 1 0 0
760 2 0 0 0 0 0 1 1 1
764 2 0 0 0 0 0 1 1 1
765 2 1 1 0 0 0 1 0 0
770 2 0 0 0 0 0 1 0 0
780 3 1 1 1 0 0 0 0 0
981 8 1 1 0 0 0 1 0 0
983 2 0 0 0 0 0 0 0 0
984 1 0 0 0 0 0 1 0 0
985 2 1 1 1 0 0 1 0 0
986 2 0 0 1 0 0 1 0 0
990 3 0 0 0 0 0 1 0 0
991 3 0 0 1 0 0 0 0 0
1012 1 0 0 0 0 0 1 1 1
1013 1 1 1 0 0 0 1 0 0
1015 1 0 0 0 0 0 1 0 0
1017 1 0 0 1 0 0 0 0 0
1020 35 0 0 1 0 0 0 0 0
1021 71 1 1 9 5 5 0 0 0
1025 3 1 1 1 0 0 1 0 0
1026 1 0 0 0 0 0 0 0 0
1030 3 1 1 2 0 0 1 0 0
1031 1 0 0 0 0 0 0 0 0
1039 1 0 0 0 0 0 1 1 1
1040 2 0 0 2 1 1 0 0 0
1042 3 1 1 0 0 0 1 0 0
1049 2 0 0 1 0 0 0 0 0
1067 1 0 0 0 0 0 0 0 0
1075 8 0 0 2 0 0 0 0 0
1076 7 2 2 3 1 1 0 0 0
1077 4 1 1 2 0 0 0 0 0
1078 1 0 0 0 0 0 1 0 0
1081 4 0 0 2 1 1 0 0 0
1082 4 0 0 2 0 0 0 0 0
1083 2 0 0 0 0 0 2 0 0
1084 6 0 0 3 0 0 0 0 0
1085 2 0 0 0 0 0 1 0 0
1112 2 0 0 1 0 0 1 0 0
1113 1 0 0 0 0 0 0 0 0
1116 2 1 1 1 0 0 1 0 0
1117 2 0 0 1 0 0 1 0 0
1118 1 0 0 0 0 0 0 0 0
1123 5 1 1 3 1 1 0 0 0
1126 2 0 0 0 0 0 0 0 0
1128 2 0 0 0 0 0 0 0 0
1130 3 1 1 1 0 0 0 0 0
1143 3 0 0 1 0 0 0 0 0
1144 8 0 0 4 0 0 1 0 0
1149 1 0 0 0 0 0 1 0 0
1151 1 1 1 0 0 0 1 1 1
1152 1 0 0 0 0 0 1 0 0
1154 2 0 0 1 0 0 0 0 0
1155 2 0 0 0 0 0 1 0 0
1159 2 0 0 1 0 0 0 0 0
1161 2 1 1 0 0 0 0 0 0
1166 2 0 0 0 0 0 1 0 0
1169 2 0 0 1 0 0 0 0 0
1185 3 2 2 0 0 0 1 0 0
1191 9 1 1 1 0 0 2 0 0
1196 2 1 1 1 0 0 1 0 0
1199 4 1 1 1 0 0 1 0 0
1201 1 0 0 0 0 0 1 0 0
1206 2 0 0 1 0 0 0 0 0
1209 3 0 0 2 0 0 1 0 0
1210 4 1 1 1 0 0 1 0 0
1211 2 0 0 0 0 0 1 0 0
1212 1 0 0 0 0 0 1 0 0
1213 1 0 0 1 0 0 0 0 0
1214 1 0 0 1 0 0 0 0 0
1219 2 0 0 1 0 0 0 0 0
1220 5 0 0 1 0 0 1 0 0
1237 2 1 1 1 1 1 0 0 0
1238 2 0 0 1 0 0 0 0 0
1240 4 0 0 1 0 0 0 0 0
1242 2 1 1 0 0 0 1 0 0
1243 4 0 0 1 0 0 1 1 1
1248 3 0 0 0 0 0 0 0 0
1249 5 0 0 1 1 1 0 0 0
1251 2 0 0 1 0 0 1 1 1
1252 2 1 1 1 0 0 1 0 0
1257 2 0 0 1 0 0 0 0 0
1262 3 0 0 1 0 0 0 0 0
1439 2 0 0 0 0 0 2 0 0
1447 3 1 1 1 0 0 0 0 0
1450 1 0 0 0 0 0 1 0 0
1454 3 0 0 1 0 0 0 0 0
1459 1 0 0 0 0 0 1 0 0
1460 1 0 0 0 0 0 1 0 0
1461 1 0 0 0 0 0 0 0 0
1465 3 0 0 1 0 0 0 0 0
1480 3 1 1 2 0 0 0 0 0
1481 1 1 1 0 0 0 0 0 0
1482 1 0 0 0 0 0 0 0 0
1484 3 0 0 1 0 0 0 0 0
1491 11 2 2 0 0 0 3 0 0
1494 6 0 0 0 0 0 0 0 0
1497 12 0 0 0 0 0 2 0 0
1498 2 0 0 1 0 0 0 0 0
1499 3 1 1 1 0 0 0 0 0
1501 6 0 0 0 0 0 1 0 0
1503 1 1 1 0 0 0 0 0 0
1505 6 0 0 1 0 0 0 0 0
1515 5 0 0 0 0 0 1 0 0
1592 4 0 0 2 0 0 0 0 0
1596 8 1 1 0 0 0 0 0 0
1597 1 0 0 0 0 0 0 0 0
1600 3 0 0 0 0 0 1 0 0
1601 1 0 0 1 0 0 0 0 0
1602 2 0 0 0 0 0 0 0 0
1603 3 1 1 0 0 0 0 0 0
1609 5 0 0 0 0 0 0 0 0
1610 8 0 0 1 0 0 1 0 0
1611 1 0 0 0 0 0 0 0 0
1613 6 1 1 1 0 0 1 0 0
1616 15 1 1 2 0 0 0 0 0
1617 20 0 0 10 0 0 0 0 0
1620 3 0 0 2 0 0 1 0 0
1621 3 0 0 1 0 0 0 0 0
1622 1 1 1 0 0 0 1 0 0
1624 14 0 0 0 0 0 0 0 0
1625 14 1 1 5 0 0 0 0 0
1635 2 1 1 0 0 0 1 0 0
1637 2 0 0 1 0 0 1 0 0
1638 3 0 0 1 0 0 0 0 0
1640 2 0 0 0 0 0 1 0 0
1642 3 1 1 0 0 0 0 0 0
1644 3 0 0 1 0 0 0 0 0
1645 1 0 0 1 0 0 0 0 0
1658 2 0 0 0 0 0 0 0 0
1659 2 1 1 0 0 0 1 0 0
1660 3 0 0 1 0 0 0 0 0
1671 5 0 0 1 0 0 1 0 0
1672 1 0 0 0 0 0 1 0 0
1673 5 1 1 0 0 0 1 0 0
1683 2 0 0 1 0 0 1 0 0
1684 2 0 0 1 0 0 0 0 0
1685 2 1 1 0 0 0 2 0 0
1687 2 0 0 1 0 0 0 0 0
1692 3 0 0 1 0 0 0 0 0
1922 3 0 0 1 1 1 0 0 0
1978 2 1 1 0 0 0 1 0 0
1982 4 0 0 2 0 0 2 0 0
1986 2 0 0 1 0 0 1 0 0
1989 2 1 1 1 0 0 0 0 0
2043 3 1 1 1 0 0 0 0 0
2050 1 0 0 1 0 0 0 0 0
2052 7 1 1 1 0 0 1 0 0
2054 13 1 1 0 0 0 0 0 0
2056 15 0 0 10 2 0 0 0 0
2061 10 0 0 10 0 0 0 0 0
2063 12 0 0 0 0 0 0 0 0
2065 1 1 1 0 0 0 1 0 0
2066 1 1 1 1 0 0 0 0 0
2069 5 0 0 5 0 0 0 0 0
2071 11 0 0 0 0 0 0 0 0
2072 32 0 0 8 3 0 4 0 0
2076 17 0 0 6 2 0 0 0 0
2077 3 0 0 0 0 0 1 0 0
2079 1 0 0 0 0 0 0 0 0
2081 6 0 0 1 1 0 1 0 0
2087 2 0 0 1 0 0 0 0 0
2092 4 1 1 2 2 0 0 0 0
2094 1 0 0 1 0 0 0 0 0
2099 3 0 0 1 0 0 1 0 0
2102 2 0 0 1 0 0 0 0 0
2111 3 1 1 2 0 0 0 0 0
2113 2 0 0 1 0 0 0 0 0
2128 5 0 0 0 0 0 0 0 0
2130 1 1 1 1 0 0 0 0 0
2131 5 0 0 1 0 0 1 0 0
2132 1 0 0 0 0 0 0 0 0
2134 6 0 0 1 0 0 1 0 0
2142 1 1 1 0 0 0 1 0 0
2146 3 0 0 1 0 0 0 0 0
2166 4 0 0 0 0 0 1 0 0
2167 1 0 0 0 0 0 1 0 0
2168 1 0 0 0 0 0 1 0 0
2169 1 0 0 0 0 0 0 0 0
2173 1 0 0 0 0 0 1 0 0
2178 8 0 0 7 1 0 0 0 0
2346 2 0 0 1 0 0 1 1 1
2348 1 0 0 0 0 0 1 0 0
2349 1 0 0 0 0 0 0 0 0
2353 13 1 1 1 0 0 4 1 1
2355 15 0 0 3 0 0 3 0 0
2359 107 1 1 21 0 0 0 0 0
2360 19 0 0 0 0 0 0 0 0
2362 4 0 0 0 0 0 0 0 0
2368 14 1 1 2 1 1 0 0 0
2389 6 1 1 0 0 0 1 0 0
2396 6 1 1 0 0 0 1 0 0
2398 3 1 1 0 0 0 1 0 0
2442 6 2 2 0 0 0 1 0 0
2444 3 0 0 0 0 0 1 1 1
2514 3 0 0 1 0 0 0 0 0
2544 3 0 0 1 0 0 0 0 0
fn=do_preload
654 6 1 1 0 0 0 3 0 0
656 1 1 1 0 0 0 1 0 0
660 1 0 0 0 0 0 1 0 0
661 1 0 0 0 0 0 1 0 0
662 1 0 0 0 0 0 1 0 0
664 1 0 0 1 0 0 0 0 0
666 6 0 0 0 0 0 1 0 0
667 3 0 0 1 0 0 0 0 0
677 3 1 1 1 0 0 0 0 0
681 5 0 0 4 0 0 0 0 0
fn=init_tls
573 2 0 0 0 0 0 1 0 0
575 2 0 0 1 0 0 1 0 0
579 2 0 0 1 0 0 0 0 0
588 1 0 0 0 0 0 1 0 0
589 4 0 0 0 0 0 1 0 0
594 1 0 0 0 0 0 0 0 0
595 2 0 0 0 0 0 1 0 0
596 1 0 0 0 0 0 1 0 0
600 2 1 1 1 1 1 0 0 0
601 1 0 0 0 0 0 0 0 0
602 13 1 1 1 0 0 0 0 0
603 10 0 0 5 0 0 0 0 0
604 10 0 0 5 1 0 0 0 0
608 3 0 0 0 0 0 1 0 0
610 1 0 0 0 0 0 0 0 0
612 3 0 0 0 0 0 0 0 0
615 1 1 1 0 0 0 1 0 0
622 2 0 0 0 0 0 1 0 0
623 2 0 0 0 0 0 0 0 0
629 2 1 1 1 0 0 1 0 0
632 7 0 0 0 0 0 2 0 0
635 1 1 1 0 0 0 1 0 0
637 1 0 0 0 0 0 0 0 0
638 2 0 0 2 0 0 0 0 0
fn=map_doit
480 2 1 1 0 0 0 1 0 0
482 1 0 0 1 0 0 0 0 0
483 9 0 0 2 0 0 2 0 0
485 2 0 0 2 0 0 0 0 0
fn=rtld_lock_default_lock_recursive
688 12 2 1 12 2 1 0 0 0
fn=rtld_lock_default_unlock_recursive
694 12 0 0 12 1 0 0 0 0
fn=version_check_doit
513 2 1 1 0 0 0 1 0 0
515 6 0 0 2 0 0 1 0 0
519 2 1 0 2 0 0 0 0 0
fl=/build/glibc-t3gR2i/glibc-2.23/elf/setup-vdso.h
fn=dl_main
24 2 0 0 1 0 0 0 0 0
fl=/build/glibc-t3gR2i/glibc-2.23/intl/dcgettext.c
fn=dcgettext
46 2 1 1 0 0 0 0 0 0
47 8 0 0 0 0 0 0 0 0
fl=/build/glibc-t3gR2i/glibc-2.23/intl/dcigettext.c
fn=__dcigettext
488 28 4 2 0 0 0 24 0 0
510 4 0 0 0 0 0 0 0 0
511 4 0 0 2 0 0 0 0 0
514 8 0 0 0 0 0 0 0 0
519 8 0 0 4 0 0 0 0 0
523 6 0 0 4 0 0 2 0 0
527 6 2 1 2 1 1 0 0 0
536 8 0 0 4 1 0 2 0 0
546 2 0 0 0 0 0 2 0 0
547 4 0 0 2 0 0 2 0 0
548 2 0 0 0 0 0 2 0 0
549 4 1 1 2 0 0 2 0 0
553 28 2 1 0 0 0 8 0 0
562 2 0 0 0 0 0 2 0 0
569 6 0 0 2 0 0 0 0 0
571 10 0 0 0 0 0 4 0 0
573 6 0 0 2 0 0 0 0 0
575 4 2 1 0 0 0 0 0 0
603 8 0 0 4 3 1 0 0 0
618 6 1 1 0 0 0 2 0 0
662 12 1 1 4 2 1 0 0 0
670 10 1 1 2 0 0 4 0 0
671 16 0 0 0 0 0 4 0 0
675 20 1 1 0 0 0 8 0 0
680 20 2 2 0 0 0 2 0 0
689 6 0 0 2 0 0 0 0 0
691 4 0 0 0 0 0 0 0 0
703 6 1 1 2 0 0 0 0 0
704 6 0 0 0 0 0 2 0 0
705 2 0 0 0 0 0 2 0 0
709 10 0 0 6 3 0 0 0 0
716 10 1 1 2 0 0 0 0 0
729 4 0 0 0 0 0 2 0 0
853 6 1 1 2 0 0 0 0 0
870 6 0 0 4 0 0 2 0 0
874 4 0 0 2 0 0 0 0 0
875 18 0 0 14 0 0 0 0 0
1553 4 0 0 0 0 0 2 0 0
1582 8 0 0 4 0 0 0 0 0
fl=/build/glibc-t3gR2i/glibc-2.23/io/../sysdeps/unix/syscall-template.S
fn=__close_nocancel
84 10 0 0 2 0 0 0 0 0
fn=__write_nocancel
84 25 0 0 5 0 0 0 0 0
fn=access
84 16 1 1 0 0 0 0 0 0
86 20 1 1 4 0 0 4 0 0
fn=close
84 20 2 1 2 0 0 0 0 0
85 4 0 0 4 0 0 0 0 0
fn=open
84 36 1 1 0 0 0 0 0 0
85 4 0 0 4 0 0 0 0 0
86 25 0 0 5 0 0 5 0 0
fn=read
84 12 0 0 0 0 0 0 0 0
85 3 0 0 3 0 0 0 0 0
fn=write
84 10 1 1 5 0 0 0 0 0
fl=/build/glibc-t3gR2i/glibc-2.23/io/../sysdeps/unix/sysv/linux/wordsize-64/fxstat.c
fn=_fxstat
33 5 0 0 0 0 0 0 0 0
34 10 2 2 0 0 0 0 0 0
35 30 0 0 0 0 0 0 0 0
39 5 0 0 5 0 0 0 0 0
fl=/build/glibc-t3gR2i/glibc-2.23/io/../sysdeps/unix/sysv/linux/wordsize-64/xstat.c
fn=_xstat
33 4 0 0 0 0 0 0 0 0
34 8 1 1 0 0 0 0 0 0
35 36 0 0 3 0 0 3 0 0
39 1 0 0 1 0 0 0 0 0
fl=/build/glibc-t3gR2i/glibc-2.23/libio/filedoalloc.c
fn=_IO_file_doallocate
95 5 1 1 0 0 0 3 0 0
110 8 0 0 3 0 0 1 0 0
112 4 0 0 1 0 0 0 0 0
115 9 0 0 0 0 0 0 0 0
117 1 1 1 1 0 0 0 0 0
120 2 0 0 1 0 0 0 0 0
123 3 1 1 1 0 0 0 0 0
127 3 0 0 0 0 0 1 0 0
128 2 0 0 0 0 0 0 0 0
129 1 0 0 0 0 0 0 0 0
130 4 0 0 0 0 0 1 0 0
131 1 0 0 0 0 0 0 0 0
132 5 0 0 4 1 0 0 0 0
fl=/build/glibc-t3gR2i/glibc-2.23/libio/fileops.c
fn=_IO_do_write@@GLIBC_2.2.5
492 24 0 0 0 0 0 12 0 0
494 30 1 1 0 0 0 0 0 0
495 21 0 0 18 0 0 0 0 0
503 6 0 0 3 0 0 0 0 0
510 12 1 1 6 0 0 0 0 0
518 18 1 1 6 1 0 3 0 0
519 15 0 0 3 0 0 0 0 0
521 12 0 0 3 0 0 9 0 0
522 6 0 0 0 0 0 6 0 0
523 3 0 0 0 0 0 3 0 0
524 6 1 1 3 0 0 0 0 0
525 9 0 0 3 0 0 0 0 0
fn=_IO_file_overflow@@GLIBC_2.2.5
807 70 1 1 0 0 0 42 0 0
808 42 1 1 14 0 0 0 0 0
815 76 0 0 24 0 0 0 0 0
818 4 1 1 2 0 0 0 0 0
820 4 1 1 0 0 0 2 0 0
821 12 1 1 4 0 0 6 0 0
830 4 0 0 0 0 0 0 0 0
839 8 1 1 4 0 0 0 0 0
841 2 0 0 0 0 0 2 0 0
842 4 0 0 0 0 0 2 0 0
843 2 0 0 0 0 0 2 0 0
844 4 0 0 0 0 0 4 0 0
846 6 0 0 0 0 0 2 0 0
847 10 0 0 2 1 0 0 0 0
848 4 1 1 0 0 0 2 0 0
850 28 0 0 0 0 0 0 0 0
851 18 2 1 0 0 0 0 0 0
853 16 0 0 8 0 0 0 0 0
856 24 0 0 0 0 0 16 0 0
857 24 0 0 8 0 0 0 0 0
858 32 0 0 0 0 0 0 0 0
862 8 0 0 0 0 0 0 0 0
863 50 0 0 50 0 0 0 0 0
fn=_IO_file_setbuf@@GLIBC_2.2.5
450 2 1 1 0 0 0 1 0 0
451 3 0 0 0 0 0 1 0 0
454 2 0 0 0 0 0 2 0 0
455 2 1 1 1 0 0 1 0 0
456 3 0 0 0 0 0 3 0 0
458 1 0 0 0 0 0 0 0 0
459 2 0 0 2 0 0 0 0 0
fn=_IO_file_stat
1229 1 0 0 0 0 0 0 0 0
1230 3 0 0 1 0 0 0 0 0
fn=_IO_file_sync@@GLIBC_2.2.5
868 2 1 1 0 0 0 1 0 0
873 4 1 1 2 0 0 0 0 0
875 1 0 0 1 0 0 0 0 0
876 2 0 0 1 0 0 0 0 0
893 2 1 1 0 0 0 1 0 0
897 2 0 0 2 0 0 0 0 0
fn=_IO_file_write@@GLIBC_2.2.5
1256 30 0 0 0 0 0 25 0 0
1258 50 2 2 0 0 0 0 0 0
1262 10 0 0 0 0 0 0 0 0
1263 30 1 1 10 1 0 5 1 0
1264 10 2 1 0 0 0 0 0 0
1269 5 0 0 0 0 0 0 0 0
1270 5 0 0 0 0 0 0 0 0
1273 15 0 0 5 0 0 0 0 0
1276 30 0 0 30 0 0 0 0 0
fn=_IO_file_xsputn@@GLIBC_2.2.5
503 4 1 1 2 0 0 0 0 0
510 8 1 1 4 0 0 0 0 0
518 12 1 1 4 1 0 2 0 0
519 10 0 0 2 0 0 0 0 0
521 8 0 0 2 0 0 6 0 0
522 4 1 1 0 0 0 4 0 0
523 2 0 0 0 0 0 2 0 0
524 4 1 1 2 0 0 0 0 0
525 6 0 0 2 0 0 0 0 0
1280 110 1 1 0 0 0 66 0 0
1286 22 0 0 0 0 0 0 0 0
1287 11 1 1 0 0 0 0 0 0
1293 44 0 0 11 0 0 0 0 0
1295 24 0 0 16 0 0 0 0 0
1296 16 0 0 0 0 0 0 0 0
1299 174 1 1 0 0 0 0 0 0
1301 222 0 0 73 0 0 0 0 0
1303 3 0 0 0 0 0 0 0 0
1310 12 0 0 6 1 1 0 0 0
1314 23 0 0 0 0 0 0 0 0
1319 40 0 0 0 0 0 16 0 0
1324 8 0 0 0 0 0 0 0 0
1325 24 0 0 0 0 0 0 0 0
1327 16 0 0 0 0 0 0 0 0
1331 39 3 3 12 1 0 6 1 0
1337 12 0 0 12 0 0 0 0 0
1338 34 0 0 0 0 0 0 0 0
1340 18 0 0 0 0 0 0 0 0
1343 2 0 0 0 0 0 0 0 0
1344 4 0 0 0 0 0 0 0 0
1351 12 0 0 0 0 0 0 0 0
1352 6 1 1 0 0 0 1 0 0
1354 22 0 0 0 0 0 0 0 0
1355 88 0 0 77 1 0 0 0 0
fl=/build/glibc-t3gR2i/glibc-2.23/libio/genops.c
fn=_IO_cleanup
888 12 0 0 4 0 0 0 0 0
890 6 1 1 3 1 0 0 0 0
892 7 0 0 2 0 0 0 0 0
898 16 2 2 6 0 0 2 0 0
906 5 0 0 2 0 0 0 0 0
908 2 0 0 0 0 0 1 0 0
910 2 1 1 1 0 0 1 0 0
911 1 0 0 0 0 0 1 0 0
912 2 0 0 1 0 0 1 0 0
915 5 0 0 2 0 0 1 0 0
917 3 0 0 1 0 0 0 0 0
921 5 1 1 1 0 0 0 0 0
922 8 1 1 3 0 0 1 0 0
928 3 0 0 0 0 0 3 0 0
948 5 1 1 0 0 0 4 0 0
951 3 0 0 0 0 0 1 0 0
963 7 0 0 5 0 0 0 0 0
fn=_IO_default_setbuf
381 5 1 1 1 0 0 0 0 0
383 1 0 0 0 0 0 1 0 0
384 1 0 0 0 0 0 1 0 0
388 2 1 1 0 0 0 1 0 0
522 6 2 2 0 0 0 3 0 0
523 4 0 0 2 0 0 1 0 0
525 2 0 0 0 0 0 0 0 0
527 2 0 0 0 0 0 1 0 0
528 2 0 0 0 0 0 0 0 0
532 2 0 0 1 0 0 0 0 0
535 3 0 0 0 0 0 3 0 0
536 3 0 0 0 0 0 3 0 0
537 1 0 0 0 0 0 0 0 0
538 4 0 0 4 0 0 0 0 0
fn=_IO_default_xsputn
422 180 1 1 0 0 0 90 1 0
425 42 1 1 0 0 0 0 0 0
430 104 0 0 52 0 0 0 0 0
432 51 0 0 0 0 0 0 0 0
435 34 0 0 0 0 0 0 0 0
438 25 0 0 0 0 0 10 2 1
443 5 0 0 0 0 0 0 0 0
445 36 0 0 0 0 0 0 0 0
449 130 0 0 0 0 0 0 0 0
450 195 1 1 65 0 0 65 1 0
451 36 0 0 0 0 0 12 0 0
453 17 0 0 0 0 0 0 0 0
455 124 0 0 24 2 0 8 0 0
457 8 0 0 0 0 0 0 0 0
459 36 1 1 0 0 0 0 0 0
460 114 0 0 111 0 0 0 0 0
fn=_IO_doallocbuf
383 1 0 0 0 0 0 1 0 0
384 1 0 0 0 0 0 1 0 0
388 3 0 0 0 0 0 1 0 0
394 6 0 0 0 0 0 6 1 1
395 4 1 1 2 0 0 0 0 0
397 11 1 1 3 0 0 0 0 0
398 5 0 0 2 0 0 1 1 0
400 3 1 1 0 0 0 0 0 0
401 8 0 0 8 1 0 0 0 0
fn=_IO_flush_all_lockp
760 8 1 1 0 0 0 6 0 0
766 4 1 1 0 0 0 0 0 0
771 1 0 0 1 0 0 0 0 0
772 1 1 1 1 1 0 0 0 0
773 8 0 0 0 0 0 0 0 0
775 3 0 0 0 0 0 3 0 0
776 6 1 1 0 0 0 0 0 0
777 2 0 0 1 0 0 0 0 0
779 21 2 2 9 2 1 0 0 0
789 6 1 1 0 0 0 0 0 0
791 3 1 1 0 0 0 3 0 0
793 11 1 1 3 0 0 0 0 0
800 3 0 0 3 1 0 0 0 0
804 2 0 0 0 0 0 0 0 0
806 2 0 0 0 0 0 0 0 0
810 9 0 0 7 0 0 0 0 0
fn=_IO_no_init
599 18 2 2 0 0 0 8 0 0
600 2 0 0 0 0 0 2 0 0
601 2 0 0 0 0 0 2 0 0
603 4 0 0 0 0 0 0 0 0
623 4 2 1 0 0 0 2 0 0
625 2 0 0 0 0 0 2 0 0
626 12 0 0 10 0 0 0 0 0
fn=_IO_old_init
570 4 0 0 0 0 0 2 0 0
571 2 0 0 0 0 0 2 0 0
572 2 0 0 0 0 0 2 0 0
573 2 0 0 0 0 0 2 0 0
574 2 0 0 0 0 0 2 0 0
575 2 1 1 0 0 0 2 0 0
576 2 0 0 0 0 0 2 0 0
577 2 0 0 0 0 0 2 0 0
578 2 0 0 0 0 0 2 0 0
579 2 0 0 0 0 0 2 0 0
580 2 0 0 0 0 0 2 0 0
582 2 0 0 0 0 0 2 0 0
583 2 0 0 0 0 0 2 0 0
584 2 0 0 0 0 0 2 0 0
585 2 0 0 0 0 0 2 0 0
586 4 1 1 0 0 0 2 0 0
591 6 0 0 2 0 0 0 0 0
592 2 0 0 2 0 0 0 0 0
fn=_IO_setb
380 9 1 1 0 0 0 3 0 0
381 12 0 0 6 2 0 0 0 0
383 3 0 0 0 0 0 3 0 0
384 3 0 0 0 0 0 3 0 0
386 18 0 0 0 0 0 3 0 0
389 9 0 0 6 0 0 0 0 0
fl=/build/glibc-t3gR2i/glibc-2.23/libio/strops.c
fn=_IO_str_init_static_internal
36 16 1 1 0 0 0 8 0 0
40 4 0 0 0 0 0 0 0 0
42 2 1 1 0 0 0 0 0 0
43 8 0 0 0 0 0 0 0 0
46 10 1 1 0 0 0 2 0 0
48 2 0 0 0 0 0 2 0 0
49 2 0 0 0 0 0 2 0 0
50 2 0 0 0 0 0 2 0 0
51 4 0 0 0 0 0 0 0 0
53 2 0 0 0 0 0 2 0 0
54 2 0 0 0 0 0 2 0 0
55 2 0 0 0 0 0 2 0 0
64 2 0 0 0 0 0 2 0 0
65 12 0 0 10 0 0 0 0 0
fl=/build/glibc-t3gR2i/glibc-2.23/locale/localename.c
fn=__current_locale_name
25 16 1 1 12 2 0 0 0 0
26 4 0 0 4 0 0 0 0 0
fl=/build/glibc-t3gR2i/glibc-2.23/malloc/arena.c
fn=malloc_hook_ini
260 3 0 0 1 1 1 0 0 0
fn=ptmalloc_init.part.5
221 210 0 0 70 9 0 0 0 0
223 138 0 0 69 33 0 0 0 0
224 2 0 0 1 0 0 0 0 0
225 2 0 0 1 0 0 0 0 0
239 69 0 0 0 0 0 0 0 0
258 6 1 1 0 0 0 5 0 0
263 1 0 0 0 0 0 1 0 0
271 2 1 1 1 0 0 0 0 0
272 7 1 1 0 0 0 1 0 0
273 4 0 0 2 0 0 0 0 0
277 3 0 0 1 1 0 1 1 0
279 5 1 1 2 2 0 0 0 0
295 2 0 0 0 0 0 0 0 0
340 2 1 1 0 0 0 0 0 0
346 2 0 0 2 1 0 0 0 0
347 2 0 0 0 0 0 0 0 0
349 1 0 0 0 0 0 1 1 0
350 7 0 0 6 1 0 0 0 0
fn=sysmalloc
488 3 0 0 0 0 0 1 0 0
fl=/build/glibc-t3gR2i/glibc-2.23/malloc/hooks.c
fn=malloc_hook_ini
29 4 1 1 0 0 0 2 0 0
30 2 0 0 1 0 0 1 0 0
33 4 0 0 3 1 0 0 0 0
fl=/build/glibc-t3gR2i/glibc-2.23/malloc/malloc.c
fn=_int_free
1884 3 0 0 1 0 0 0 0 0
3839 10 1 1 0 0 0 7 0 0
3852 3 1 1 1 0 0 0 0 0
3858 4 0 0 0 0 0 0 0 0
3859 2 0 0 0 0 0 0 0 0
3870 4 0 0 0 0 0 0 0 0
3883 2 0 0 1 0 0 0 0 0
3958 2 1 1 0 0 0 0 0 0
3959 3 0 0 1 0 0 0 0 0
3960 5 1 1 2 0 0 0 0 0
3961 2 0 0 0 0 0 1 0 0
3964 1 0 0 0 0 0 0 0 0
3968 4 1 1 1 0 0 0 0 0
3974 7 2 2 2 0 0 0 0 0
3982 3 0 0 1 0 0 0 0 0
3988 2 0 0 0 0 0 0 0 0
3989 2 0 0 0 0 0 0 0 0
3990 2 0 0 1 0 0 0 0 0
3999 2 0 0 1 0 0 0 0 0
4006 2 2 2 1 0 0 0 0 0
4011 2 0 0 1 0 0 0 0 0
4015 2 1 1 1 0 0 0 0 0
4023 1 0 0 0 0 0 0 0 0
4024 1 1 1 1 0 0 0 0 0
4025 2 0 0 1 0 0 0 0 0
4030 1 0 0 0 0 0 1 0 0
4031 1 0 0 0 0 0 1 0 0
4032 2 0 0 0 0 0 0 0 0
4037 1 0 0 0 0 0 1 0 0
4038 1 0 0 0 0 0 1 0 0
4040 3 1 1 0 0 0 1 0 0
4041 1 0 0 0 0 0 1 0 0
4071 2 0 0 0 0 0 0 0 0
4091 3 1 1 1 0 0 0 0 0
4092 3 0 0 1 0 0 0 0 0
4093 5 1 1 2 0 0 0 0 0
4103 8 1 1 7 0 0 0 0 0
fn=_int_malloc
1877 10 1 1 3 0 0 0 0 0
3317 21 0 0 0 0 0 18 0 0
3347 30 2 2 0 0 0 0 0 0
3351 9 0 0 0 0 0 3 0 0
3365 6 0 0 3 1 1 0 0 0
3367 4 0 0 0 0 0 0 0 0
3368 2 1 1 0 0 0 0 0 0
3369 1 0 0 1 0 0 0 0 0
3373 2 0 0 0 0 0 0 0 0
3402 6 1 1 0 0 0 0 0 0
3404 6 0 0 0 0 0 2 0 0
3405 8 0 0 0 0 0 0 0 0
3407 6 1 1 2 0 0 0 0 0
3446 7 2 2 0 0 0 1 0 0
3447 2 0 0 1 0 0 0 0 0
3448 2 0 0 0 0 0 1 0 0
3467 15 1 1 3 0 0 0 0 0
3601 6 1 1 0 0 0 0 0 0
3603 4 1 1 1 0 0 0 0 0
3606 4 1 1 1 0 0 0 0 0
3674 6 0 0 3 0 0 0 0 0
3675 6 0 0 0 0 0 0 0 0
3676 6 0 0 0 0 0 0 0 0
3677 6 0 0 3 1 0 0 0 0
3678 6 0 0 0 0 0 0 0 0
3683 6 0 0 0 0 0 0 0 0
3687 22 1 1 0 0 0 0 0 0
3690 23 1 1 6 0 0 0 0 0
3790 3 0 0 3 0 0 0 0 0
3791 6 0 0 3 0 0 0 0 0
3793 9 1 1 0 0 0 0 0 0
3795 2 0 0 0 0 0 0 0 0
3796 2 0 0 0 0 0 0 0 0
3797 2 0 0 0 0 0 2 0 0
3798 16 1 1 0 0 0 2 0 0
3800 4 0 0 0 0 0 2 2 2
3803 2 0 0 0 0 0 0 0 0
3810 2 0 0 1 0 0 0 0 0
3815 9 0 0 0 0 0 3 0 0
3817 78 3 3 0 0 0 30 0 0
3825 3 1 1 0 0 0 1 0 0
3826 2 0 0 0 0 0 0 0 0
3831 27 1 1 21 0 0 0 0 0
5000 9 0 0 0 0 0 6 0 0
5002 12 0 0 0 0 0 3 0 0
fn=calloc
3170 5 1 1 0 0 0 4 0 0
3180 2 0 0 0 0 0 0 0 0
3185 5 1 1 0 0 0 0 0 0
3193 2 0 0 2 0 0 0 0 0
3194 2 0 0 0 0 0 0 0 0
3206 13 3 3 5 0 0 0 0 0
3212 1 0 0 1 0 0 0 0 0
3213 2 0 0 1 0 0 0 0 0
3220 3 0 0 0 0 0 0 0 0
3234 4 1 1 0 0 0 1 0 0
3237 10 1 1 1 0 0 0 0 0
3247 2 0 0 0 0 0 0 0 0
3248 4 0 0 2 0 0 0 0 0
3251 2 0 0 0 0 0 0 0 0
3257 3 0 0 1 0 0 0 0 0
3265 1 0 0 0 0 0 0 0 0
3268 8 0 0 1 0 0 0 0 0
3279 1 1 1 0 0 0 0 0 0
3280 2 0 0 0 0 0 0 0 0
3281 2 0 0 0 0 0 0 0 0
3283 2 0 0 0 0 0 0 0 0
3284 3 1 1 0 0 0 0 0 0
3309 5 0 0 4 0 0 0 0 0
fn=free
2932 5 1 1 0 0 0 4 0 0
2937 2 0 0 2 0 0 0 0 0
2938 2 0 0 0 0 0 0 0 0
2944 2 0 0 0 0 0 0 0 0
2947 1 0 0 0 0 0 0 0 0
2949 3 0 0 1 0 0 0 0 0
2965 3 0 0 0 0 0 0 0 0
2966 2 1 1 0 0 0 1 0 0
2967 6 0 0 5 0 0 0 0 0
fn=malloc
2900 6 1 1 0 0 0 4 0 0
2905 4 0 0 4 1 0 0 0 0
2906 4 0 0 0 0 0 0 0 0
2907 2 1 1 1 0 0 0 0 0
2909 14 2 2 5 0 0 0 0 0
2911 4 1 1 0 0 0 1 0 0
2914 2 0 0 0 0 0 0 0 0
2922 4 0 0 2 0 0 0 0 0
2924 11 1 1 1 0 0 0 0 0
2927 7 0 0 5 0 0 0 0 0
fn=malloc_consolidate
1803 254 0 0 0 0 0 0 0 0
1806 381 0 0 0 0 0 254 32 32
1810 3 1 1 0 0 0 0 0 0
1814 3 1 1 1 0 0 1 0 0
1815 3 0 0 1 0 0 1 0 0
1817 1 0 0 0 0 0 1 1 1
4142 2 1 1 1 0 0 0 0 0
4994 4 1 1 0 0 0 0 0 0
fn=malloc_hook_ini
2906 2 1 1 0 0 0 0 0 0
2909 13 3 3 5 1 0 0 0 0
2911 4 0 0 0 0 0 1 0 0
2914 2 0 0 0 0 0 0 0 0
2921 2 1 1 1 1 0 1 0 0
2922 4 1 1 2 0 0 0 0 0
2924 11 0 0 1 0 0 0 0 0
fn=sysmalloc
2266 8 2 2 0 0 0 6 1 0
2286 2 0 0 2 2 0 0 0 0
2297 2 0 0 0 0 0 0 0 0
2298 5 0 0 1 0 0 1 1 0
2313 5 1 1 0 0 0 2 0 0
2319 1 1 1 0 0 0 0 0 0
2378 1 0 0 1 0 0 0 0 0
2379 3 0 0 1 0 0 0 0 0
2380 1 0 0 0 0 0 0 0 0
2389 6 0 0 1 0 0 0 0 0
2395 4 1 1 0 0 0 1 1 0
2398 3 0 0 0 0 0 0 0 0
2453 4 0 0 1 0 0 0 0 0
2461 2 1 1 1 0 0 0 0 0
2462 1 0 0 0 0 0 0 0 0
2472 6 0 0 0 0 0 2 0 0
2480 2 0 0 0 0 0 0 0 0
2482 6 1 1 2 0 0 3 0 0
2483 1 0 0 0 0 0 0 0 0
2486 4 0 0 2 0 0 0 0 0
2489 2 0 0 2 1 0 0 0 0
2490 2 0 0 0 0 0 0 0 0
2510 2 1 1 0 0 0 0 0 0
2536 2 0 0 1 1 1 0 0 0
2537 5 1 1 0 0 0 2 0 0
2538 3 0 0 1 0 0 1 0 0
2544 2 0 0 0 0 0 0 0 0
2547 7 1 1 1 0 0 0 0 0
2584 2 0 0 0 0 0 0 0 0
2590 3 1 1 0 0 0 0 0 0
2609 1 0 0 0 0 0 0 0 0
2612 2 0 0 0 0 0 0 0 0
2613 6 0 0 2 0 0 0 0 0
2615 2 0 0 0 0 0 0 0 0
2616 3 1 1 2 0 0 1 0 0
2628 2 0 0 0 0 0 0 0 0
2636 3 0 0 3 0 0 0 0 0
2637 3 0 0 1 0 0 0 0 0
2675 1 0 0 0 0 0 1 0 0
2676 5 1 1 0 0 0 1 1 1
2677 2 0 0 0 0 0 1 0 0
2688 2 0 0 0 0 0 0 0 0
2721 2 1 1 1 0 0 0 0 0
2722 1 0 0 0 0 0 1 0 0
2730 4 1 1 2 0 0 0 0 0
2732 1 0 0 0 0 0 0 0 0
2733 1 0 0 0 0 0 0 0 0
2734 1 0 0 0 0 0 1 0 0
2735 8 0 0 0 0 0 1 0 0
2736 2 0 0 0 0 0 1 1 1
2738 1 0 0 0 0 0 0 0 0
2744 9 1 1 7 0 0 0 0 0
fl=/build/glibc-t3gR2i/glibc-2.23/malloc/morecore.c
fn=__default_morecore
46 2 1 1 0 0 0 0 0 0
47 2 0 0 0 0 0 2 0 0
48 6 0 0 0 0 0 0 0 0
52 4 0 0 2 0 0 0 0 0
fl=/build/glibc-t3gR2i/glibc-2.23/misc/../sysdeps/unix/syscall-template.S
fn=ioctl
84 8 1 1 0 0 0 0 0 0
86 10 0 0 4 0 0 2 0 0
fn=mprotect
84 32 1 1 0 0 0 0 0 0
85 8 0 0 8 0 0 0 0 0
fn=munmap
84 4 1 1 0 0 0 0 0 0
85 1 0 0 1 0 0 0 0 0
fl=/build/glibc-t3gR2i/glibc-2.23/misc/../sysdeps/unix/sysv/linux/wordsize-64/mmap.c
fn=mmap
32 120 1 1 0 0 0 72 0 0
33 68 2 2 3 0 0 0 0 0
34 120 0 0 0 0 0 0 0 0
36 84 0 0 84 0 0 0 0 0
fl=/build/glibc-t3gR2i/glibc-2.23/misc/../sysdeps/unix/sysv/linux/x86_64/brk.c
fn=brk
31 16 1 1 2 0 0 2 0 0
33 4 1 1 0 0 0 0 0 0
39 2 0 0 0 0 0 0 0 0
40 2 0 0 2 0 0 0 0 0
fl=/build/glibc-t3gR2i/glibc-2.23/misc/init-misc.c
fn=__init_misc
30 3 0 0 0 0 0 2 0 0
31 6 1 1 1 0 0 0 0 0
33 3 1 1 0 0 0 1 0 0
37 5 0 0 1 1 0 1 1 0
38 3 0 0 2 1 0 1 0 0
40 4 0 0 3 0 0 0 0 0
fl=/build/glibc-t3gR2i/glibc-2.23/misc/sbrk.c
fn=sbrk
34 8 1 1 0 0 0 6 0 0
42 11 0 0 5 3 1 0 0 0
43 6 1 1 1 0 0 1 1 0
46 4 0 0 0 0 0 0 0 0
50 6 0 0 0 0 0 0 0 0
58 4 1 1 0 0 0 1 0 0
62 10 0 0 8 0 0 0 0 0
fl=/build/glibc-t3gR2i/glibc-2.23/misc/tsearch.c
fn=tfind
305 12 0 0 0 0 0 6 0 0
308 4 1 1 0 0 0 0 0 0
309 2 0 0 0 0 0 0 0 0
313 6 1 1 2 2 0 0 0 0
325 8 0 0 8 0 0 0 0 0
fl=/build/glibc-t3gR2i/glibc-2.23/nptl/unregister-atfork.c
fn=__unregister_atfork
28 8 1 1 0 0 0 4 0 0
36 2 0 0 2 0 0 0 0 0
39 4 0 0 0 0 0 0 0 0
121 6 0 0 6 0 0 0 0 0
fl=/build/glibc-t3gR2i/glibc-2.23/posix/../sysdeps/unix/syscall-template.S
fn=uname
84 4 1 1 0 0 0 0 0 0
85 1 0 0 1 0 0 0 0 0
fl=/build/glibc-t3gR2i/glibc-2.23/posix/../sysdeps/unix/sysv/linux/_exit.c
fn=_Exit
27 2 1 1 1 0 0 0 0 0
31 4 1 1 0 0 0 0 0 0
33 2 0 0 0 0 0 0 0 0
fl=/build/glibc-t3gR2i/glibc-2.23/setjmp/../sysdeps/x86_64/bsd-_setjmp.S
fn=_setjmp
30 1 1 1 0 0 0 0 0 0
32 1 0 0 0 0 0 0 0 0
fl=/build/glibc-t3gR2i/glibc-2.23/setjmp/../sysdeps/x86_64/setjmp.S
fn=__sigsetjmp
26 6 2 2 0 0 0 6 0 0
35 6 0 0 0 0 0 0 0 0
36 12 1 1 6 0 0 0 0 0
37 6 0 0 0 0 0 6 0 0
41 6 0 0 0 0 0 6 0 0
42 6 0 0 0 0 0 6 0 0
43 6 0 0 0 0 0 6 0 0
44 6 0 0 0 0 0 6 0 0
45 6 0 0 0 0 0 0 0 0
47 12 0 0 6 0 0 0 0 0
49 6 0 0 0 0 0 6 1 1
50 6 0 0 6 0 0 0 0 0
51 6 0 0 0 0 0 0 0 0
53 12 1 1 6 0 0 0 0 0
55 6 1 1 0 0 0 6 0 0
59 5 0 0 0 0 0 0 0 0
60 5 0 0 5 0 0 0 0 0
64 1 0 0 0 0 0 0 0 0
fl=/build/glibc-t3gR2i/glibc-2.23/setjmp/sigjmp.c
fn=__sigjmp_save
28 3 0 0 0 0 0 1 0 0
29 3 0 0 0 0 0 1 0 0
34 3 0 0 2 0 0 0 0 0
fl=/build/glibc-t3gR2i/glibc-2.23/socket/../sysdeps/unix/syscall-template.S
fn=socket
84 8 2 1 0 0 0 0 0 0
85 2 0 0 2 0 0 0 0 0
fl=/build/glibc-t3gR2i/glibc-2.23/stdio-common/_itoa.c
fn=_itoa_word
168 4 2 2 0 0 0 0 0 0
170 2 0 0 0 0 0 0 0 0
179 26 1 1 2 1 1 2 1 0
188 2 0 0 1 0 0 0 0 0
fl=/build/glibc-t3gR2i/glibc-2.23/stdio-common/fprintf.c
fn=fprintf
27 14 2 2 0 0 0 8 0 0
31 12 1 1 0 0 0 8 0 0
32 4 0 0 0 0 0 2 0 0
36 4 0 0 2 0 0 0 0 0
fl=/build/glibc-t3gR2i/glibc-2.23/stdio-common/printf-parse.h
fn=vfprintf
108 90 0 0 0 0 0 47 3 1
fl=/build/glibc-t3gR2i/glibc-2.23/stdio-common/printf.c
fn=printf
28 24 1 1 0 0 0 15 1 0
32 18 2 2 0 0 0 12 0 0
33 15 0 0 6 1 0 3 0 0
37 6 0 0 3 1 0 0 0 0
fl=/build/glibc-t3gR2i/glibc-2.23/stdio-common/vfprintf.c
fn=buffered_vfprintf
2287 10 1 1 0 0 0 8 0 0
2295 12 1 1 2 0 0 0 0 0
2299 4 0 0 0 0 0 2 2 1
2305 10 1 1 0 0 0 6 2 1
2306 2 0 0 0 0 0 2 0 0
2308 2 0 0 0 0 0 2 2 1
2313 2 1 1 0 0 0 2 2 1
2315 4 0 0 2 2 0 2 0 0
2316 4 0 0 0 0 0 2 0 0
2320 6 0 0 0 0 0 2 2 1
2326 12 1 1 4 0 0 4 0 0
2327 30 1 1 16 4 1 2 0 0
2339 10 1 1 4 0 0 0 0 0
2341 8 0 0 4 1 0 2 0 0
2342 6 0 0 0 0 0 0 0 0
2347 20 1 1 10 0 0 2 0 0
2348 4 0 0 0 0 0 0 0 0
2350 2 0 0 0 0 0 0 0 0
2351 12 0 0 10 0 0 0 0 0
fn=vfprintf
1236 72 2 2 0 0 0 54 2 1
1267 27 0 0 18 1 0 9 4 1
1275 43 1 1 9 2 0 2 0 0
1279 45 0 0 9 2 1 0 0 0
1290 45 1 1 0 0 0 0 0 0
1293 2 1 1 0 0 0 2 1 0
1301 42 1 1 21 0 0 21 4 1
1312 7 0 0 0 0 0 7 2 1
1316 46 1 1 13 1 0 6 0 0
1317 42 0 0 21 3 1 3 0 0
1320 105 2 2 21 5 0 14 0 0
1324 21 1 1 14 0 0 0 0 0
1328 84 3 3 21 2 0 35 2 0
1349 11 0 0 0 0 0 11 0 0
1350 11 1 1 0 0 0 11 0 0
1351 11 0 0 0 0 0 11 0 0
1352 11 0 0 0 0 0 11 0 0
1353 11 0 0 0 0 0 11 0 0
1354 11 0 0 0 0 0 11 0 0
1355 11 1 1 0 0 0 11 0 0
1356 11 0 0 0 0 0 11 0 0
1357 11 0 0 0 0 0 11 0 0
1358 11 0 0 0 0 0 11 0 0
1359 11 0 0 0 0 0 11 0 0
1362 11 0 0 0 0 0 11 0 0
1363 11 1 1 0 0 0 11 0 0
1366 11 0 0 0 0 0 0 0 0
1367 44 0 0 11 0 0 11 0 0
1370 176 1 1 33 4 2 11 0 0
1531 14 0 0 0 0 0 7 3 1
1552 14 0 0 0 0 0 7 3 1
1631 144 20 20 49 0 0 28 0 0
1632 730 11 10 305 7 2 87 1 0
1649 11 3 1 11 0 0 0 0 0
1651 22 0 0 0 0 0 0 0 0
1659 44 1 1 11 0 0 22 0 0
1663 275 3 2 77 0 0 33 0 0
1665 29 0 0 11 0 0 0 0 0
1685 38 1 1 19 0 0 3 0 0
1686 14 0 0 0 0 0 0 0 0
1688 7 0 0 0 0 0 0 0 0
1689 72 0 0 63 1 0 0 0 0
fl=/build/glibc-t3gR2i/glibc-2.23/stdlib/cxa_atexit.c
fn=__cxa_atexit
35 2 0 0 0 0 0 1 0 0
37 2 0 0 0 0 0 0 0 0
41 3 0 0 1 0 0 0 0 0
43 1 0 0 0 0 0 1 0 0
44 1 0 0 0 0 0 1 0 0
45 1 0 0 0 0 0 1 0 0
47 1 1 1 0 0 0 1 0 0
48 1 0 0 0 0 0 0 0 0
57 6 1 1 0 0 0 3 0 0
59 4 0 0 4 0 0 0 0 0
fn=__new_exitfn
73 4 1 1 0 0 0 2 0 0
79 6 1 1 2 2 2 0 0 0
81 9 1 1 2 1 0 0 0 0
83 3 1 1 1 1 0 0 0 0
91 2 0 0 0 0 0 1 0 0
112 1 1 1 0 0 0 0 0 0
113 2 1 1 0 0 0 1 0 0
126 1 1 1 0 0 0 1 0 0
127 1 0 0 1 1 1 0 0 0
130 4 0 0 2 0 0 0 0 0
133 5 0 0 3 0 0 0 0 0
fl=/build/glibc-t3gR2i/glibc-2.23/stdlib/cxa_finalize.c
fn=__cxa_finalize
31 16 0 0 0 0 0 12 0 0
35 14 1 1 4 0 0 0 0 0
39 12 1 1 2 0 0 0 0 0
48 2 0 0 0 0 0 0 0 0
67 14 1 1 4 1 0 0 0 0
71 12 0 0 2 1 0 0 0 0
79 4 0 0 0 0 0 0 0 0
80 4 0 0 0 0 0 0 0 0
82 14 1 1 12 0 0 0 0 0
fl=/build/glibc-t3gR2i/glibc-2.23/stdlib/cxa_thread_atexit_impl.c
fn=__call_tls_dtors
145 3 1 1 0 0 0 2 0 0
146 4 0 0 2 0 0 0 0 0
164 4 1 1 3 0 0 0 0 0
fl=/build/glibc-t3gR2i/glibc-2.23/stdlib/exit.c
fn=__run_exit_handlers
35 8 1 1 0 0 0 4 0 0
40 2 0 0 1 0 0 1 0 0
46 8 0 0 2 1 0 0 0 0
50 6 1 1 0 0 0 0 0 0
52 1 0 0 0 0 0 1 0 0
53 1 0 0 0 0 0 0 0 0
54 5 0 0 1 0 0 0 0 0
78 2 1 1 0 0 0 0 0 0
80 3 0 0 2 0 0 0 0 0
82 3 0 0 1 0 0 1 0 0
83 1 0 0 0 0 0 0 0 0
87 2 0 0 1 0 0 1 0 0
88 2 0 0 0 0 0 0 0 0
94 2 1 1 0 0 0 0 0 0
95 8 0 0 1 1 0 1 0 0
97 2 0 0 0 0 0 1 0 0
fn=exit
103 1 0 0 0 0 0 0 0 0
104 3 2 2 0 0 0 1 0 0
fl=/build/glibc-t3gR2i/glibc-2.23/string/../bits/stdlib-bsearch.h
fn=intel_check_word
27 8 0 0 0 0 0 0 0 0
28 16 0 0 0 0 0 0 0 0
29 112 0 0 0 0 0 0 0 0
31 152 1 1 0 0 0 0 0 0
32 54 0 0 0 0 0 0 0 0
37 10 0 0 0 0 0 0 0 0
fl=/build/glibc-t3gR2i/glibc-2.23/string/../sysdeps/x86_64/cacheinfo.c
fn=handle_intel
261 16 0 0 0 0 0 12 0 0
262 4 1 1 0 0 0 0 0 0
273 6 0 0 0 0 0 2 0 0
275 2 0 0 0 0 0 2 0 0
276 4 0 0 0 0 0 2 0 0
278 2 1 1 0 0 0 0 0 0
284 10 1 1 0 0 0 2 0 0
289 4 0 0 0 0 0 0 0 0
291 6 0 0 0 0 0 2 0 0
292 2 0 0 0 0 0 0 0 0
296 8 0 0 0 0 0 2 0 0
297 4 1 1 0 0 0 0 0 0
300 10 0 0 0 0 0 2 0 0
301 4 0 0 0 0 0 0 0 0
318 16 1 1 14 0 0 0 0 0
fn=init_cacheinfo
482 5 1 1 0 0 0 5 0 0
494 4 0 0 2 1 0 0 0 0
496 5 0 0 1 0 0 1 0 0
499 1 0 0 0 0 0 0 0 0
500 4 1 1 0 0 0 1 0 0
502 2 0 0 0 0 0 0 0 0
511 2 0 0 0 0 0 0 0 0
513 1 0 0 1 0 0 0 0 0
514 1 0 0 1 0 0 0 0 0
516 1 0 0 0 0 0 0 0 0
521 18 1 1 0 0 0 0 0 0
527 8 0 0 0 0 0 0 0 0
530 20 0 0 0 0 0 0 0 0
532 1 1 1 0 0 0 0 0 0
538 6 0 0 0 0 0 0 0 0
545 11 1 1 0 0 0 0 0 0
547 2 0 0 0 0 0 0 0 0
548 2 0 0 0 0 0 0 0 0
549 8 0 0 0 0 0 0 0 0
551 4 0 0 0 0 0 0 0 0
556 1 0 0 0 0 0 0 0 0
558 3 0 0 0 0 0 0 0 0
559 4 0 0 0 0 0 0 0 0
564 2 0 0 0 0 0 0 0 0
565 6 1 1 0 0 0 0 0 0
596 4 0 0 0 0 0 0 0 0
597 5 0 0 0 0 0 0 0 0
652 2 0 0 0 0 0 0 0 0
654 3 1 1 0 0 0 1 0 0
655 1 0 0 0 0 0 1 1 1
657 1 0 0 0 0 0 0 0 0
658 3 0 0 0 0 0 1 0 0
659 1 0 0 0 0 0 1 0 0
662 2 0 0 0 0 0 0 0 0
664 3 0 0 0 0 0 1 0 0
665 1 0 0 0 0 0 1 0 0
667 1 1 1 0 0 0 0 0 0
668 3 0 0 0 0 0 1 0 0
669 1 0 0 0 0 0 1 0 0
671 6 0 0 6 0 0 0 0 0
fn=intel_check_word
121 108 0 0 54 6 6 0 0 0
124 54 0 0 0 0 0 0 0 0
132 24 0 0 0 0 0 16 0 0
133 8 1 1 0 0 0 0 0 0
135 2 0 0 0 0 0 0 0 0
139 28 1 1 0 0 0 0 0 0
141 24 1 1 0 0 0 0 0 0
143 10 1 1 0 0 0 0 0 0
145 20 0 0 0 0 0 0 0 0
153 20 0 0 0 0 0 0 0 0
165 17 1 1 0 0 0 0 0 0
168 15 0 0 0 0 0 0 0 0
172 10 0 0 0 0 0 0 0 0
174 10 0 0 0 0 0 0 0 0
175 26 0 0 0 0 0 0 0 0
177 21 1 1 0 0 0 0 0 0
178 10 0 0 0 0 0 0 0 0
179 10 0 0 0 0 0 0 0 0
180 6 0 0 0 0 0 0 0 0
182 2 1 1 0 0 0 0 0 0
184 4 0 0 0 0 0 0 0 0
186 32 2 2 0 0 0 0 0 0
197 3 1 1 0 0 0 0 0 0
204 16 0 0 0 0 0 0 0 0
209 8 0 0 4 0 0 0 0 0
212 24 0 0 8 0 0 0 0 0
226 8 0 0 0 0 0 0 0 0
251 8 0 0 0 0 0 0 0 0
256 24 0 0 20 0 0 0 0 0
fl=/build/glibc-t3gR2i/glibc-2.23/string/../sysdeps/x86_64/memcpy.S
fn=__GI_mempcpy
61 15 1 1 0 0 0 0 0 0
65 15 0 0 0 0 0 0 0 0
68 14 0 0 0 0 0 0 0 0
69 14 0 0 0 0 0 0 0 0
71 9 0 0 9 0 0 0 0 0
72 9 0 0 0 0 0 9 1 0
74 9 0 0 0 0 0 0 0 0
75 9 0 0 0 0 0 0 0 0
80 14 0 0 0 0 0 0 0 0
81 14 0 0 0 0 0 0 0 0
83 6 0 0 6 0 0 0 0 0
84 6 0 0 0 0 0 6 0 0
86 6 0 0 0 0 0 0 0 0
87 6 0 0 0 0 0 0 0 0
92 14 0 0 0 0 0 0 0 0
93 14 0 0 0 0 0 0 0 0
95 4 0 0 4 0 0 0 0 0
96 4 0 0 0 0 0 4 0 0
98 4 0 0 0 0 0 0 0 0
99 4 0 0 0 0 0 0 0 0
104 14 0 0 0 0 0 0 0 0
105 14 0 0 0 0 0 0 0 0
107 2 0 0 2 0 0 0 0 0
108 2 0 0 0 0 0 2 0 0
110 2 0 0 0 0 0 0 0 0
111 4 0 0 0 0 0 0 0 0
116 14 1 1 0 0 0 0 0 0
117 18 0 0 0 0 0 0 0 0
122 4 0 0 4 0 0 0 0 0
123 4 0 0 4 0 0 0 0 0
124 4 0 0 0 0 0 4 0 0
125 4 0 0 0 0 0 4 0 0
127 4 0 0 0 0 0 0 0 0
129 4 0 0 0 0 0 0 0 0
130 4 0 0 0 0 0 0 0 0
132 4 0 0 0 0 0 0 0 0
138 14 0 0 0 0 0 0 0 0
142 14 0 0 14 0 0 0 0 0
154 4 2 1 0 0 0 0 0 0
156 4 0 0 0 0 0 0 0 0
157 4 0 0 0 0 0 0 0 0
160 1 0 0 0 0 0 0 0 0
161 2 0 0 0 0 0 0 0 0
166 6 0 0 6 0 0 0 0 0
167 6 0 0 0 0 0 6 0 0
169 6 0 0 0 0 0 0 0 0
171 6 0 0 0 0 0 0 0 0
172 6 0 0 0 0 0 0 0 0
174 8 0 0 0 0 0 0 0 0
183 4 0 0 0 0 0 0 0 0
184 4 0 0 0 0 0 0 0 0
187 4 0 0 0 0 0 0 0 0
188 4 0 0 0 0 0 0 0 0
189 4 0 0 0 0 0 0 0 0
194 4 2 1 0 0 0 0 0 0
196 4 0 0 4 0 0 0 0 0
197 4 0 0 4 0 0 0 0 0
198 4 0 0 4 0 0 0 0 0
199 4 0 0 4 0 0 0 0 0
201 4 0 0 0 0 0 4 1 1
202 4 0 0 0 0 0 4 1 1
203 4 0 0 0 0 0 4 1 0
204 4 0 0 0 0 0 4 0 0
206 4 0 0 0 0 0 0 0 0
207 4 0 0 0 0 0 0 0 0
209 4 0 0 0 0 0 0 0 0
211 1 0 0 0 0 0 0 0 0
213 1 0 0 1 0 0 0 0 0
214 1 0 0 1 0 0 0 0 0
215 1 0 0 1 0 0 0 0 0
216 1 0 0 1 0 0 0 0 0
218 1 0 0 0 0 0 1 0 0
219 1 0 0 0 0 0 1 0 0
220 1 0 0 0 0 0 1 0 0
221 1 0 0 0 0 0 1 0 0
223 1 0 0 0 0 0 0 0 0
224 1 0 0 0 0 0 0 0 0
226 3 0 0 0 0 0 0 0 0
231 4 2 1 0 0 0 0 0 0
233 4 0 0 0 0 0 0 0 0
235 1 0 0 0 0 0 0 0 0
242 1 0 0 1 0 0 0 0 0
fn=mempcpy
61 21 1 1 0 0 0 0 0 0
65 21 0 0 0 0 0 0 0 0
68 20 0 0 0 0 0 0 0 0
69 20 0 0 0 0 0 0 0 0
71 13 0 0 13 2 2 0 0 0
72 13 0 0 0 0 0 13 1 1
74 13 0 0 0 0 0 0 0 0
75 13 0 0 0 0 0 0 0 0
80 20 0 0 0 0 0 0 0 0
81 20 0 0 0 0 0 0 0 0
83 12 0 0 12 0 0 0 0 0
84 12 1 1 0 0 0 12 0 0
86 12 0 0 0 0 0 0 0 0
87 12 0 0 0 0 0 0 0 0
92 20 1 0 0 0 0 0 0 0
93 20 0 0 0 0 0 0 0 0
95 10 0 0 10 0 0 0 0 0
96 10 0 0 0 0 0 10 0 0
98 10 0 0 0 0 0 0 0 0
99 10 0 0 0 0 0 0 0 0
104 20 0 0 0 0 0 0 0 0
105 20 0 0 0 0 0 0 0 0
107 10 0 0 10 0 0 0 0 0
108 10 0 0 0 0 0 10 1 1
110 10 0 0 0 0 0 0 0 0
111 20 0 0 0 0 0 0 0 0
116 20 0 0 0 0 0 0 0 0
117 22 0 0 0 0 0 0 0 0
122 2 0 0 2 1 0 0 0 0
123 2 0 0 2 0 0 0 0 0
124 2 0 0 0 0 0 2 1 1
125 2 0 0 0 0 0 2 0 0
127 2 0 0 0 0 0 0 0 0
129 2 0 0 0 0 0 0 0 0
130 2 0 0 0 0 0 0 0 0
132 2 0 0 0 0 0 0 0 0
138 20 1 1 0 0 0 0 0 0
142 20 0 0 20 0 0 0 0 0
154 3 0 0 0 0 0 0 0 0
156 3 0 0 0 0 0 0 0 0
157 3 0 0 0 0 0 0 0 0
183 3 1 1 0 0 0 0 0 0
184 3 0 0 0 0 0 0 0 0
187 3 0 0 0 0 0 0 0 0
188 3 0 0 0 0 0 0 0 0
189 3 0 0 0 0 0 0 0 0
194 3 0 0 0 0 0 0 0 0
196 3 0 0 3 0 0 0 0 0
197 3 0 0 3 0 0 0 0 0
198 3 0 0 3 0 0 0 0 0
199 3 0 0 3 0 0 0 0 0
201 3 0 0 0 0 0 3 0 0
202 3 0 0 0 0 0 3 2 2
203 3 0 0 0 0 0 3 0 0
204 3 0 0 0 0 0 3 0 0
206 3 1 1 0 0 0 0 0 0
207 3 0 0 0 0 0 0 0 0
209 3 0 0 0 0 0 0 0 0
231 3 1 1 0 0 0 0 0 0
233 3 0 0 0 0 0 0 0 0
235 1 0 0 0 0 0 0 0 0
242 1 0 0 1 0 0 0 0 0
fl=/build/glibc-t3gR2i/glibc-2.23/string/../sysdeps/x86_64/multiarch/../memcmp.S
fn=bcmp
24 16 1 1 0 0 0 0 0 0
25 16 0 0 0 0 0 0 0 0
26 16 0 0 0 0 0 0 0 0
27 16 0 0 0 0 0 0 0 0
28 16 0 0 0 0 0 0 0 0
29 16 0 0 0 0 0 0 0 0
30 16 0 0 0 0 0 0 0 0
31 16 0 0 0 0 0 0 0 0
34 16 0 0 0 0 0 0 0 0
35 16 0 0 0 0 0 0 0 0
36 6 0 0 6 1 1 0 0 0
37 6 0 0 6 3 3 0 0 0
38 6 0 0 0 0 0 0 0 0
39 6 0 0 0 0 0 0 0 0
40 6 0 0 0 0 0 0 0 0
41 6 0 0 0 0 0 0 0 0
42 6 0 0 0 0 0 0 0 0
44 15 1 1 0 0 0 0 0 0
45 15 0 0 0 0 0 0 0 0
46 5 0 0 5 0 0 0 0 0
47 5 0 0 5 0 0 0 0 0
48 5 0 0 0 0 0 0 0 0
49 5 0 0 0 0 0 0 0 0
50 5 0 0 0 0 0 0 0 0
51 5 0 0 0 0 0 0 0 0
52 5 0 0 0 0 0 0 0 0
54 15 0 0 0 0 0 0 0 0
55 15 0 0 0 0 0 0 0 0
56 6 1 1 6 1 1 0 0 0
57 6 0 0 6 1 1 0 0 0
58 6 0 0 0 0 0 0 0 0
59 6 0 0 0 0 0 0 0 0
60 2 0 0 0 0 0 0 0 0
61 2 0 0 0 0 0 0 0 0
62 2 0 0 0 0 0 0 0 0
64 11 0 0 0 0 0 0 0 0
65 11 0 0 0 0 0 0 0 0
66 6 0 0 6 0 0 0 0 0
67 6 0 0 6 2 2 0 0 0
68 6 0 0 0 0 0 0 0 0
69 6 0 0 0 0 0 0 0 0
74 5 0 0 5 1 1 0 0 0
75 5 0 0 5 0 0 0 0 0
76 5 0 0 0 0 0 0 0 0
77 5 0 0 0 0 0 0 0 0
78 5 0 0 0 0 0 0 0 0
79 5 0 0 0 0 0 0 0 0
80 5 0 0 0 0 0 0 0 0
81 3 0 0 0 0 0 0 0 0
82 3 0 0 0 0 0 0 0 0
83 3 0 0 3 0 0 0 0 0
84 3 0 0 3 0 0 0 0 0
85 3 0 0 0 0 0 0 0 0
92 3 0 0 0 0 0 0 0 0
94 4 0 0 4 0 0 0 0 0
98 10 1 1 0 0 0 0 0 0
99 10 0 0 0 0 0 0 0 0
100 1 0 0 0 0 0 0 0 0
101 1 0 0 0 0 0 0 0 0
102 1 0 0 0 0 0 0 0 0
103 1 0 0 0 0 0 0 0 0
104 1 0 0 0 0 0 0 0 0
105 1 0 0 0 0 0 0 0 0
106 1 0 0 0 0 0 0 0 0
107 1 0 0 0 0 0 0 0 0
108 1 0 0 0 0 0 0 0 0
109 1 0 0 0 0 0 0 0 0
110 1 0 0 1 0 0 0 0 0
114 11 1 1 0 0 0 0 0 0
115 11 0 0 11 0 0 0 0 0
fl=/build/glibc-t3gR2i/glibc-2.23/string/../sysdeps/x86_64/multiarch/../memcpy.S
fn=__GI_memcpy
61 3 2 1 0 0 0 0 0 0
63 3 0 0 0 0 0 0 0 0
65 3 0 0 0 0 0 0 0 0
68 3 0 0 0 0 0 0 0 0
69 3 0 0 0 0 0 0 0 0
71 1 0 0 1 0 0 0 0 0
72 1 0 0 0 0 0 1 0 0
74 1 0 0 0 0 0 0 0 0
75 1 0 0 0 0 0 0 0 0
80 3 0 0 0 0 0 0 0 0
81 3 0 0 0 0 0 0 0 0
83 2 0 0 2 0 0 0 0 0
84 2 0 0 0 0 0 2 0 0
86 2 0 0 0 0 0 0 0 0
87 4 0 0 0 0 0 0 0 0
92 3 0 0 0 0 0 0 0 0
93 3 0 0 0 0 0 0 0 0
95 1 0 0 1 0 0 0 0 0
96 1 0 0 0 0 0 1 0 0
98 1 0 0 0 0 0 0 0 0
99 1 1 0 0 0 0 0 0 0
104 3 1 1 0 0 0 0 0 0
105 3 0 0 0 0 0 0 0 0
116 3 0 0 0 0 0 0 0 0
117 3 0 0 0 0 0 0 0 0
140 3 0 0 3 0 0 0 0 0
fn=memcpy
61 20 1 1 0 0 0 0 0 0
63 20 0 0 0 0 0 0 0 0
65 20 0 0 0 0 0 0 0 0
68 19 0 0 0 0 0 0 0 0
69 19 0 0 0 0 0 0 0 0
71 7 0 0 7 0 0 0 0 0
72 7 0 0 0 0 0 7 3 3
74 7 0 0 0 0 0 0 0 0
75 7 0 0 0 0 0 0 0 0
80 19 0 0 0 0 0 0 0 0
81 19 0 0 0 0 0 0 0 0
83 6 0 0 6 0 0 0 0 0
84 6 0 0 0 0 0 6 1 1
86 6 0 0 0 0 0 0 0 0
87 12 0 0 0 0 0 0 0 0
92 19 1 1 0 0 0 0 0 0
93 19 0 0 0 0 0 0 0 0
95 4 0 0 4 0 0 0 0 0
96 4 0 0 0 0 0 4 0 0
98 4 0 0 0 0 0 0 0 0
99 4 0 0 0 0 0 0 0 0
104 19 0 0 0 0 0 0 0 0
105 19 0 0 0 0 0 0 0 0
107 10 0 0 10 1 0 0 0 0
108 10 0 0 0 0 0 10 1 1
110 10 0 0 0 0 0 0 0 0
111 10 0 0 0 0 0 0 0 0
116 19 0 0 0 0 0 0 0 0
117 27 0 0 0 0 0 0 0 0
122 8 0 0 8 0 0 0 0 0
123 8 0 0 8 0 0 0 0 0
124 8 0 0 0 0 0 8 0 0
125 8 0 0 0 0 0 8 0 0
127 8 0 0 0 0 0 0 0 0
129 8 0 0 0 0 0 0 0 0
130 8 0 0 0 0 0 0 0 0
132 8 0 0 0 0 0 0 0 0
140 19 1 1 19 0 0 0 0 0
148 8 0 0 0 0 0 8 0 0
154 8 0 0 0 0 0 0 0 0
156 8 0 0 0 0 0 0 0 0
157 8 0 0 0 0 0 0 0 0
160 2 0 0 0 0 0 0 0 0
161 6 0 0 0 0 0 0 0 0
166 7 0 0 7 0 0 0 0 0
167 7 0 0 0 0 0 7 0 0
169 7 0 0 0 0 0 0 0 0
171 7 0 0 0 0 0 0 0 0
172 7 0 0 0 0 0 0 0 0
174 11 0 0 0 0 0 0 0 0
183 8 1 1 0 0 0 0 0 0
184 8 0 0 0 0 0 0 0 0
187 8 0 0 0 0 0 0 0 0
188 8 0 0 0 0 0 0 0 0
189 8 0 0 0 0 0 0 0 0
194 7 0 0 0 0 0 0 0 0
196 7 0 0 7 0 0 0 0 0
197 7 0 0 7 0 0 0 0 0
198 7 0 0 7 0 0 0 0 0
199 7 0 0 7 0 0 0 0 0
201 7 0 0 0 0 0 7 1 1
202 7 0 0 0 0 0 7 0 0
203 7 0 0 0 0 0 7 0 0
204 7 0 0 0 0 0 7 2 2
206 7 1 1 0 0 0 0 0 0
207 7 0 0 0 0 0 0 0 0
209 7 0 0 0 0 0 0 0 0
231 8 1 1 0 0 0 0 0 0
237 8 0 0 8 0 0 0 0 0
238 8 0 0 0 0 0 0 0 0
240 1 0 0 1 0 0 0 0 0
fl=/build/glibc-t3gR2i/glibc-2.23/string/../sysdeps/x86_64/multiarch/../memset.S
fn=__GI_memset
53 1 1 1 0 0 0 0 0 0
54 1 0 0 0 0 0 0 0 0
55 1 0 0 0 0 0 0 0 0
56 1 0 0 0 0 0 0 0 0
57 1 0 0 0 0 0 0 0 0
59 1 0 0 0 0 0 0 0 0
60 1 0 0 0 0 0 0 0 0
77 1 1 1 0 0 0 0 0 0
78 1 0 0 0 0 0 1 0 0
79 1 0 0 0 0 0 0 0 0
80 1 0 0 0 0 0 1 0 0
81 1 0 0 0 0 0 1 0 0
82 1 0 0 0 0 0 1 0 0
83 1 1 1 0 0 0 1 1 1
84 1 0 0 0 0 0 1 1 1
85 1 0 0 0 0 0 1 0 0
86 1 0 0 0 0 0 1 0 0
87 1 0 0 0 0 0 0 0 0
88 1 0 0 0 0 0 0 0 0
89 1 0 0 0 0 0 0 0 0
90 2 0 0 0 0 0 0 0 0
93 11 0 0 0 0 0 11 9 9
94 11 0 0 0 0 0 11 0 0
95 11 0 0 0 0 0 11 0 0
96 11 0 0 0 0 0 11 0 0
97 11 0 0 0 0 0 0 0 0
98 11 0 0 0 0 0 0 0 0
99 11 0 0 0 0 0 0 0 0
100 1 0 0 1 0 0 0 0 0
fn=memset
53 16 2 1 0 0 0 0 0 0
54 16 0 0 0 0 0 0 0 0
55 16 0 0 0 0 0 0 0 0
56 16 0 0 0 0 0 0 0 0
57 16 2 1 0 0 0 0 0 0
59 16 0 0 0 0 0 0 0 0
60 16 0 0 0 0 0 0 0 0
61 13 0 0 0 0 0 0 0 0
62 13 0 0 0 0 0 0 0 0
77 3 1 1 0 0 0 0 0 0
78 3 0 0 0 0 0 3 2 2
79 3 0 0 0 0 0 0 0 0
80 3 0 0 0 0 0 3 3 3
81 3 0 0 0 0 0 3 0 0
82 3 0 0 0 0 0 3 0 0
83 3 0 0 0 0 0 3 1 1
84 3 0 0 0 0 0 3 0 0
85 3 0 0 0 0 0 3 0 0
86 3 0 0 0 0 0 3 0 0
87 3 0 0 0 0 0 0 0 0
88 3 0 0 0 0 0 0 0 0
89 3 0 0 0 0 0 0 0 0
90 6 0 0 0 0 0 0 0 0
93 80 0 0 0 0 0 80 75 75
94 80 0 0 0 0 0 80 0 0
95 80 0 0 0 0 0 80 0 0
96 80 0 0 0 0 0 80 0 0
97 80 0 0 0 0 0 0 0 0
98 80 0 0 0 0 0 0 0 0
99 80 0 0 0 0 0 0 0 0
100 3 0 0 3 0 0 0 0 0
103 13 2 1 0 0 0 0 0 0
104 13 0 0 0 0 0 0 0 0
105 13 0 0 0 0 0 0 0 0
106 6 0 0 0 0 0 0 0 0
107 6 0 0 0 0 0 0 0 0
108 2 0 0 0 0 0 0 0 0
109 2 0 0 0 0 0 0 0 0
112 2 0 0 0 0 0 0 0 0
113 2 0 0 0 0 0 0 0 0
114 2 0 0 0 0 0 2 0 0
115 2 0 0 2 0 0 0 0 0
117 4 0 0 0 0 0 4 0 0
118 4 0 0 0 0 0 4 0 0
119 4 0 0 4 0 0 0 0 0
121 7 1 0 0 0 0 7 1 1
122 7 0 0 0 0 0 7 1 1
123 7 0 0 7 0 0 0 0 0
fl=/build/glibc-t3gR2i/glibc-2.23/string/../sysdeps/x86_64/multiarch/../strchr.S
fn=index
24 10 1 1 0 0 0 0 0 0
25 10 0 0 0 0 0 0 0 0
26 10 0 0 0 0 0 0 0 0
27 10 0 0 0 0 0 0 0 0
28 10 0 0 0 0 0 0 0 0
29 10 0 0 0 0 0 0 0 0
30 10 0 0 0 0 0 0 0 0
31 10 0 0 0 0 0 0 0 0
32 10 0 0 10 3 3 0 0 0
33 10 0 0 0 0 0 0 0 0
34 10 0 0 0 0 0 0 0 0
35 10 1 1 0 0 0 0 0 0
36 10 0 0 0 0 0 0 0 0
37 10 0 0 0 0 0 0 0 0
38 10 0 0 0 0 0 0 0 0
39 10 0 0 0 0 0 0 0 0
40 10 0 0 0 0 0 0 0 0
41 8 0 0 0 0 0 0 0 0
45 8 0 0 0 0 0 0 0 0
46 8 0 0 0 0 0 0 0 0
47 8 0 0 8 0 0 0 0 0
48 8 0 0 0 0 0 0 0 0
50 8 0 0 8 0 0 0 0 0
54 2 0 0 2 1 1 0 0 0
55 2 0 0 0 0 0 0 0 0
56 2 0 0 0 0 0 0 0 0
57 2 0 0 0 0 0 0 0 0
58 2 0 0 0 0 0 0 0 0
59 2 1 1 0 0 0 0 0 0
60 2 0 0 2 0 0 0 0 0
61 2 0 0 0 0 0 0 0 0
62 2 0 0 0 0 0 0 0 0
63 2 0 0 0 0 0 0 0 0
64 2 0 0 0 0 0 0 0 0
65 2 0 0 0 0 0 0 0 0
66 2 0 0 0 0 0 0 0 0
67 2 0 0 2 0 0 0 0 0
68 2 0 0 0 0 0 0 0 0
69 2 0 0 0 0 0 0 0 0
70 2 0 0 0 0 0 0 0 0
71 2 0 0 0 0 0 0 0 0
72 2 0 0 0 0 0 0 0 0
73 2 0 0 0 0 0 0 0 0
74 2 0 0 0 0 0 0 0 0
75 2 1 1 0 0 0 0 0 0
76 2 0 0 0 0 0 0 0 0
77 2 0 0 0 0 0 0 0 0
129 2 1 1 0 0 0 0 0 0
133 2 0 0 0 0 0 0 0 0
134 2 0 0 0 0 0 0 0 0
135 2 0 0 2 0 0 0 0 0
136 2 1 1 0 0 0 0 0 0
138 2 0 0 2 0 0 0 0 0
fl=/build/glibc-t3gR2i/glibc-2.23/string/../sysdeps/x86_64/multiarch/../strcmp.S
fn=strcmp
144 372 2 1 0 0 0 0 0 0
145 372 0 0 0 0 0 0 0 0
147 372 0 0 0 0 0 0 0 0
148 372 0 0 0 0 0 0 0 0
169 372 0 0 0 0 0 0 0 0
170 372 1 1 0 0 0 0 0 0
171 283 0 0 0 0 0 0 0 0
172 283 0 0 0 0 0 0 0 0
173 235 0 0 235 25 17 0 0 0
174 235 0 0 235 14 2 0 0 0
175 235 0 0 235 0 0 0 0 0
176 235 0 0 235 0 0 0 0 0
197 235 0 0 0 0 0 0 0 0
198 235 0 0 0 0 0 0 0 0
199 235 0 0 0 0 0 0 0 0
200 235 0 0 0 0 0 0 0 0
201 235 0 0 0 0 0 0 0 0
202 235 0 0 0 0 0 0 0 0
203 235 0 0 0 0 0 0 0 0
208 6 0 0 0 0 0 0 0 0
209 6 0 0 0 0 0 0 0 0
218 143 1 1 0 0 0 0 0 0
219 143 0 0 0 0 0 0 0 0
220 143 0 0 0 0 0 0 0 0
221 143 0 0 0 0 0 0 0 0
222 143 0 0 0 0 0 0 0 0
223 143 0 0 0 0 0 0 0 0
224 143 0 0 0 0 0 0 0 0
225 143 0 0 0 0 0 0 0 0
226 142 0 0 0 0 0 0 0 0
227 78 0 0 0 0 0 0 0 0
228 78 0 0 0 0 0 0 0 0
229 78 0 0 0 0 0 0 0 0
231 142 0 0 0 0 0 0 0 0
232 142 0 0 0 0 0 0 0 0
233 142 0 0 0 0 0 0 0 0
234 142 0 0 142 4 2 0 0 0
235 142 0 0 0 0 0 0 0 0
236 142 0 0 0 0 0 0 0 0
246 1 1 1 1 0 0 0 0 0
247 1 0 0 0 0 0 0 0 0
248 1 0 0 0 0 0 0 0 0
250 1 0 0 1 0 0 0 0 0
256 1 0 0 0 0 0 0 0 0
257 1 0 0 0 0 0 0 0 0
258 1 0 0 0 0 0 0 0 0
259 1 0 0 0 0 0 0 0 0
260 1 0 0 0 0 0 0 0 0
265 1 0 0 0 0 0 0 0 0
317 1 1 1 0 0 0 0 0 0
318 1 0 0 1 0 0 0 0 0
319 1 0 0 1 1 1 0 0 0
320 1 0 0 0 0 0 0 0 0
321 1 0 0 0 0 0 0 0 0
323 1 0 0 0 0 0 0 0 0
324 1 0 0 0 0 0 0 0 0
325 1 1 1 0 0 0 0 0 0
326 1 0 0 0 0 0 0 0 0
327 1 0 0 0 0 0 0 0 0
328 1 0 0 0 0 0 0 0 0
329 1 0 0 0 0 0 0 0 0
330 1 0 0 1 0 0 0 0 0
333 1 0 0 0 0 0 0 0 0
334 1 0 0 0 0 0 0 0 0
335 1 0 0 0 0 0 0 0 0
341 1 0 0 0 0 0 0 0 0
342 1 0 0 0 0 0 0 0 0
343 2 0 0 0 0 0 0 0 0
347 1 1 1 0 0 0 0 0 0
348 1 0 0 0 0 0 0 0 0
351 1 0 0 1 1 1 0 0 0
352 1 0 0 1 0 0 0 0 0
353 1 0 0 0 0 0 0 0 0
356 1 0 0 0 0 0 0 0 0
357 1 0 0 0 0 0 0 0 0
358 1 0 0 0 0 0 0 0 0
364 1 0 0 0 0 0 0 0 0
365 1 0 0 0 0 0 0 0 0
366 1 0 0 0 0 0 0 0 0
367 1 0 0 0 0 0 0 0 0
368 1 0 0 0 0 0 0 0 0
369 1 1 1 0 0 0 0 0 0
821 3 1 1 0 0 0 0 0 0
822 3 0 0 3 2 1 0 0 0
823 3 0 0 3 0 0 0 0 0
824 3 0 0 0 0 0 0 0 0
825 3 0 0 0 0 0 0 0 0
827 3 0 0 0 0 0 0 0 0
828 3 0 0 0 0 0 0 0 0
829 3 1 1 0 0 0 0 0 0
830 3 0 0 0 0 0 0 0 0
831 3 0 0 0 0 0 0 0 0
832 3 0 0 0 0 0 0 0 0
833 3 0 0 0 0 0 0 0 0
834 2 0 0 2 0 0 0 0 0
838 2 0 0 0 0 0 0 0 0
839 2 0 0 0 0 0 0 0 0
840 2 0 0 0 0 0 0 0 0
846 2 0 0 0 0 0 0 0 0
847 2 0 0 0 0 0 0 0 0
848 4 0 0 0 0 0 0 0 0
852 2 1 1 0 0 0 0 0 0
853 2 0 0 0 0 0 0 0 0
856 2 0 0 2 0 0 0 0 0
857 2 0 0 2 2 2 0 0 0
858 2 0 0 0 0 0 0 0 0
861 2 0 0 0 0 0 0 0 0
862 2 0 0 0 0 0 0 0 0
863 2 0 0 0 0 0 0 0 0
869 2 0 0 0 0 0 0 0 0
870 2 0 0 0 0 0 0 0 0
871 2 0 0 0 0 0 0 0 0
872 2 0 0 0 0 0 0 0 0
873 2 0 0 0 0 0 0 0 0
874 2 1 1 0 0 0 0 0 0
1071 1 1 1 0 0 0 0 0 0
1072 1 0 0 1 0 0 0 0 0
1073 1 0 0 1 0 0 0 0 0
1074 1 0 0 0 0 0 0 0 0
1075 1 0 0 0 0 0 0 0 0
1077 1 0 0 0 0 0 0 0 0
1078 1 0 0 0 0 0 0 0 0
1079 1 1 1 0 0 0 0 0 0
1080 1 0 0 0 0 0 0 0 0
1081 1 0 0 0 0 0 0 0 0
1082 1 0 0 0 0 0 0 0 0
1083 1 0 0 0 0 0 0 0 0
1196 5 1 1 0 0 0 0 0 0
1197 5 0 0 5 1 0 0 0 0
1198 5 0 0 5 0 0 0 0 0
1199 5 0 0 0 0 0 0 0 0
1200 5 0 0 0 0 0 0 0 0
1202 5 0 0 0 0 0 0 0 0
1203 5 0 0 0 0 0 0 0 0
1204 5 1 1 0 0 0 0 0 0
1205 5 0 0 0 0 0 0 0 0
1206 5 0 0 0 0 0 0 0 0
1207 5 0 0 0 0 0 0 0 0
1208 5 0 0 0 0 0 0 0 0
1209 1 0 0 1 0 0 0 0 0
1213 1 0 0 0 0 0 0 0 0
1214 1 0 0 0 0 0 0 0 0
1215 1 0 0 0 0 0 0 0 0
1221 1 0 0 0 0 0 0 0 0
1222 1 0 0 0 0 0 0 0 0
1223 2 0 0 0 0 0 0 0 0
1227 1 1 1 0 0 0 0 0 0
1228 1 0 0 0 0 0 0 0 0
1231 1 0 0 1 0 0 0 0 0
1232 1 0 0 1 1 0 0 0 0
1233 1 0 0 0 0 0 0 0 0
1236 1 0 0 0 0 0 0 0 0
1237 1 0 0 0 0 0 0 0 0
1238 1 0 0 0 0 0 0 0 0
1244 1 0 0 0 0 0 0 0 0
1245 1 0 0 0 0 0 0 0 0
1246 1 0 0 0 0 0 0 0 0
1247 1 0 0 0 0 0 0 0 0
1248 1 0 0 0 0 0 0 0 0
1249 1 1 1 0 0 0 0 0 0
1321 21 1 1 0 0 0 0 0 0
1322 21 0 0 21 2 0 0 0 0
1323 21 0 0 21 2 0 0 0 0
1324 21 0 0 0 0 0 0 0 0
1325 21 0 0 0 0 0 0 0 0
1327 21 0 0 0 0 0 0 0 0
1328 21 0 0 0 0 0 0 0 0
1329 21 1 1 0 0 0 0 0 0
1330 21 0 0 0 0 0 0 0 0
1331 21 0 0 0 0 0 0 0 0
1332 21 0 0 0 0 0 0 0 0
1333 21 0 0 0 0 0 0 0 0
1334 3 0 0 3 0 0 0 0 0
1338 3 0 0 0 0 0 0 0 0
1339 3 0 0 0 0 0 0 0 0
1340 3 0 0 0 0 0 0 0 0
1346 3 0 0 0 0 0 0 0 0
1347 3 0 0 0 0 0 0 0 0
1348 6 0 0 0 0 0 0 0 0
1352 3 1 1 0 0 0 0 0 0
1353 3 0 0 0 0 0 0 0 0
1356 3 0 0 3 0 0 0 0 0
1357 3 0 0 3 1 0 0 0 0
1358 3 0 0 0 0 0 0 0 0
1361 3 0 0 0 0 0 0 0 0
1362 3 0 0 0 0 0 0 0 0
1363 3 0 0 0 0 0 0 0 0
1369 3 0 0 0 0 0 0 0 0
1370 3 0 0 0 0 0 0 0 0
1371 3 0 0 0 0 0 0 0 0
1372 3 0 0 0 0 0 0 0 0
1373 3 0 0 0 0 0 0 0 0
1374 3 1 1 0 0 0 0 0 0
1446 1 1 1 0 0 0 0 0 0
1447 1 0 0 1 1 1 0 0 0
1448 1 0 0 1 0 0 0 0 0
1449 1 0 0 0 0 0 0 0 0
1450 1 0 0 0 0 0 0 0 0
1452 1 0 0 0 0 0 0 0 0
1453 1 0 0 0 0 0 0 0 0
1454 1 1 1 0 0 0 0 0 0
1455 1 0 0 0 0 0 0 0 0
1456 1 0 0 0 0 0 0 0 0
1457 1 0 0 0 0 0 0 0 0
1458 1 0 0 0 0 0 0 0 0
1571 13 2 1 0 0 0 0 0 0
1572 13 0 0 13 3 1 0 0 0
1573 13 0 0 13 0 0 0 0 0
1574 13 0 0 0 0 0 0 0 0
1575 13 0 0 0 0 0 0 0 0
1577 13 0 0 0 0 0 0 0 0
1578 13 0 0 0 0 0 0 0 0
1579 13 1 1 0 0 0 0 0 0
1580 13 0 0 0 0 0 0 0 0
1581 13 0 0 0 0 0 0 0 0
1582 13 0 0 0 0 0 0 0 0
1583 13 0 0 0 0 0 0 0 0
1584 10 0 0 10 0 0 0 0 0
1588 10 0 0 0 0 0 0 0 0
1589 10 0 0 0 0 0 0 0 0
1590 10 0 0 0 0 0 0 0 0
1596 10 0 0 0 0 0 0 0 0
1597 10 0 0 0 0 0 0 0 0
1598 20 0 0 0 0 0 0 0 0
1602 10 1 1 0 0 0 0 0 0
1603 10 0 0 0 0 0 0 0 0
1606 10 0 0 10 1 1 0 0 0
1607 10 0 0 10 2 2 0 0 0
1608 10 0 0 0 0 0 0 0 0
1611 10 0 0 0 0 0 0 0 0
1612 10 0 0 0 0 0 0 0 0
1613 10 0 0 0 0 0 0 0 0
1619 10 0 0 0 0 0 0 0 0
1620 10 0 0 0 0 0 0 0 0
1621 10 0 0 0 0 0 0 0 0
1622 10 0 0 0 0 0 0 0 0
1623 10 0 0 0 0 0 0 0 0
1624 10 1 1 0 0 0 0 0 0
1696 2 2 1 0 0 0 0 0 0
1697 2 0 0 2 0 0 0 0 0
1698 2 0 0 2 2 1 0 0 0
1699 2 0 0 0 0 0 0 0 0
1700 2 0 0 0 0 0 0 0 0
1702 2 0 0 0 0 0 0 0 0
1703 2 0 0 0 0 0 0 0 0
1704 2 2 1 0 0 0 0 0 0
1705 2 0 0 0 0 0 0 0 0
1706 2 0 0 0 0 0 0 0 0
1707 2 0 0 0 0 0 0 0 0
1708 2 0 0 0 0 0 0 0 0
1709 1 0 0 1 0 0 0 0 0
1713 1 0 0 0 0 0 0 0 0
1714 1 0 0 0 0 0 0 0 0
1715 1 0 0 0 0 0 0 0 0
1721 1 0 0 0 0 0 0 0 0
1722 1 0 0 0 0 0 0 0 0
1723 2 0 0 0 0 0 0 0 0
1727 1 1 1 0 0 0 0 0 0
1728 1 0 0 0 0 0 0 0 0
1731 1 0 0 1 1 1 0 0 0
1732 1 0 0 1 0 0 0 0 0
1733 1 0 0 0 0 0 0 0 0
1736 1 0 0 0 0 0 0 0 0
1737 1 0 0 0 0 0 0 0 0
1738 1 0 0 0 0 0 0 0 0
1744 1 0 0 0 0 0 0 0 0
1745 1 0 0 0 0 0 0 0 0
1746 1 0 0 0 0 0 0 0 0
1747 1 0 0 0 0 0 0 0 0
1748 1 0 0 0 0 0 0 0 0
1749 1 1 1 0 0 0 0 0 0
1821 6 1 1 0 0 0 0 0 0
1822 6 0 0 6 0 0 0 0 0
1823 6 0 0 6 2 1 0 0 0
1824 6 0 0 0 0 0 0 0 0
1825 6 0 0 0 0 0 0 0 0
1827 6 0 0 0 0 0 0 0 0
1828 6 0 0 0 0 0 0 0 0
1829 6 2 1 0 0 0 0 0 0
1830 6 0 0 0 0 0 0 0 0
1831 6 0 0 0 0 0 0 0 0
1832 6 0 0 0 0 0 0 0 0
1833 6 0 0 0 0 0 0 0 0
1834 4 0 0 4 0 0 0 0 0
1838 4 0 0 0 0 0 0 0 0
1839 4 0 0 0 0 0 0 0 0
1840 4 0 0 0 0 0 0 0 0
1846 4 0 0 0 0 0 0 0 0
1847 4 0 0 0 0 0 0 0 0
1848 8 0 0 0 0 0 0 0 0
1852 4 1 1 0 0 0 0 0 0
1853 4 0 0 0 0 0 0 0 0
1856 4 0 0 4 0 0 0 0 0
1857 4 0 0 4 2 2 0 0 0
1858 4 0 0 0 0 0 0 0 0
1861 4 0 0 0 0 0 0 0 0
1862 4 0 0 0 0 0 0 0 0
1863 4 0 0 0 0 0 0 0 0
1869 4 0 0 0 0 0 0 0 0
1870 4 0 0 0 0 0 0 0 0
1871 4 0 0 0 0 0 0 0 0
1872 4 0 0 0 0 0 0 0 0
1873 4 0 0 0 0 0 0 0 0
1874 4 1 1 0 0 0 0 0 0
1946 41 1 1 0 0 0 0 0 0
1947 41 0 0 41 2 0 0 0 0
1948 41 0 0 41 2 0 0 0 0
1949 41 0 0 0 0 0 0 0 0
1950 41 0 0 0 0 0 0 0 0
1952 41 0 0 0 0 0 0 0 0
1953 41 0 0 0 0 0 0 0 0
1954 41 1 1 0 0 0 0 0 0
1955 41 0 0 0 0 0 0 0 0
1956 41 0 0 0 0 0 0 0 0
1957 41 0 0 0 0 0 0 0 0
1958 41 0 0 0 0 0 0 0 0
1959 5 0 0 5 0 0 0 0 0
1963 5 0 0 0 0 0 0 0 0
1964 5 0 0 0 0 0 0 0 0
1965 5 0 0 0 0 0 0 0 0
1971 5 0 0 0 0 0 0 0 0
1972 5 0 0 0 0 0 0 0 0
1973 10 0 0 0 0 0 0 0 0
1977 5 1 1 0 0 0 0 0 0
1978 5 0 0 0 0 0 0 0 0
1981 5 0 0 5 1 1 0 0 0
1982 5 0 0 5 1 1 0 0 0
1983 5 0 0 0 0 0 0 0 0
1986 5 0 0 0 0 0 0 0 0
1987 5 0 0 0 0 0 0 0 0
1988 5 0 0 0 0 0 0 0 0
1994 5 0 0 0 0 0 0 0 0
1995 5 0 0 0 0 0 0 0 0
1996 5 0 0 0 0 0 0 0 0
1997 5 0 0 0 0 0 0 0 0
1998 5 0 0 0 0 0 0 0 0
1999 5 1 1 0 0 0 0 0 0
2071 48 2 1 0 0 0 0 0 0
2072 48 0 0 48 2 1 0 0 0
2073 48 0 0 48 0 0 0 0 0
2074 48 0 0 0 0 0 0 0 0
2075 48 0 0 0 0 0 0 0 0
2077 48 0 0 0 0 0 0 0 0
2078 48 0 0 0 0 0 0 0 0
2079 48 2 1 0 0 0 0 0 0
2080 48 0 0 0 0 0 0 0 0
2081 48 0 0 0 0 0 0 0 0
2082 48 0 0 0 0 0 0 0 0
2083 48 0 0 0 0 0 0 0 0
2085 1 0 0 1 0 0 0 0 0
2089 1 0 0 0 0 0 0 0 0
2090 1 0 0 0 0 0 0 0 0
2091 1 0 0 0 0 0 0 0 0
2097 1 0 0 0 0 0 0 0 0
2098 1 0 0 0 0 0 0 0 0
2100 2 0 0 0 0 0 0 0 0
2104 1 1 1 0 0 0 0 0 0
2105 1 0 0 0 0 0 0 0 0
2108 1 0 0 1 0 0 0 0 0
2109 1 0 0 1 1 1 0 0 0
2110 1 0 0 0 0 0 0 0 0
2113 1 0 0 0 0 0 0 0 0
2114 1 0 0 0 0 0 0 0 0
2115 1 0 0 0 0 0 0 0 0
2121 1 0 0 0 0 0 0 0 0
2122 1 0 0 0 0 0 0 0 0
2123 1 0 0 0 0 0 0 0 0
2124 1 0 0 0 0 0 0 0 0
2125 1 0 0 0 0 0 0 0 0
2126 1 1 1 0 0 0 0 0 0
2200 28 0 0 0 0 0 0 0 0
2202 143 1 1 0 0 0 0 0 0
2203 143 0 0 0 0 0 0 0 0
2204 143 0 0 0 0 0 0 0 0
2205 143 0 0 0 0 0 0 0 0
2206 234 0 0 0 0 0 0 0 0
2211 372 1 1 0 0 0 0 0 0
2217 372 0 0 372 0 0 0 0 0
2218 372 0 0 372 0 0 0 0 0
2226 372 0 0 0 0 0 0 0 0
2227 372 0 0 372 0 0 0 0 0
fl=/build/glibc-t3gR2i/glibc-2.23/string/../sysdeps/x86_64/multiarch/../strcpy.S
fn=__GI_stpcpy
29 2 2 1 0 0 0 0 0 0
30 2 0 0 0 0 0 0 0 0
31 2 0 0 0 0 0 0 0 0
33 2 0 0 0 0 0 0 0 0
35 2 0 0 0 0 0 0 0 0
36 2 0 0 0 0 0 0 0 0
39 10 0 0 10 0 0 0 0 0
40 10 0 0 0 0 0 0 0 0
41 10 0 0 0 0 0 10 0 0
42 10 0 0 0 0 0 0 0 0
43 10 0 0 0 0 0 0 0 0
44 10 2 1 0 0 0 0 0 0
45 10 0 0 0 0 0 0 0 0
46 10 0 0 0 0 0 0 0 0
49 2 0 0 0 0 0 0 0 0
57 2 0 0 2 0 0 0 0 0
58 2 0 0 0 0 0 0 0 0
59 2 0 0 0 0 0 0 0 0
60 2 0 0 0 0 0 0 0 0
63 2 0 0 0 0 0 0 0 0
64 2 0 0 0 0 0 0 0 0
65 2 0 0 0 0 0 0 0 0
66 2 0 0 0 0 0 0 0 0
69 2 0 0 0 0 0 0 0 0
135 8 1 1 0 0 0 8 0 0
136 8 0 0 0 0 0 0 0 0
137 8 0 0 0 0 0 0 0 0
138 6 0 0 0 0 0 0 0 0
139 6 0 0 0 0 0 6 0 0
140 6 0 0 0 0 0 0 0 0
141 6 0 0 0 0 0 0 0 0
142 6 0 0 0 0 0 0 0 0
143 6 0 0 0 0 0 0 0 0
144 6 0 0 0 0 0 0 0 0
148 2 0 0 0 0 0 0 0 0
152 2 0 0 2 0 0 0 0 0
fl=/build/glibc-t3gR2i/glibc-2.23/string/../sysdeps/x86_64/multiarch/strcmp.S
fn=strcasecmp
109 1 1 1 1 0 0 0 0 0
110 1 0 0 0 0 0 0 0 0
111 1 0 0 1 1 0 0 0 0
112 1 0 0 0 0 0 0 0 0
122 1 1 1 1 0 0 0 0 0
fn=strncasecmp
129 1 1 1 1 0 0 0 0 0
130 1 0 0 0 0 0 0 0 0
131 1 0 0 1 0 0 0 0 0
132 1 0 0 0 0 0 0 0 0
142 1 1 1 1 0 0 0 0 0
fl=/build/glibc-t3gR2i/glibc-2.23/string/../sysdeps/x86_64/multiarch/strcpy-sse2-unaligned.S
fn=__strncpy_sse2_unaligned
43 2 1 1 0 0 0 0 0 0
44 2 0 0 0 0 0 0 0 0
45 2 0 0 0 0 0 0 0 0
47 2 0 0 0 0 0 0 0 0
49 2 0 0 0 0 0 0 0 0
54 2 0 0 0 0 0 0 0 0
55 2 0 0 0 0 0 0 0 0
56 2 0 0 0 0 0 0 0 0
58 1 0 0 0 0 0 0 0 0
59 1 0 0 0 0 0 0 0 0
60 1 0 0 0 0 0 0 0 0
61 1 0 0 0 0 0 0 0 0
63 1 1 1 1 0 0 0 0 0
64 1 0 0 0 0 0 0 0 0
65 1 0 0 0 0 0 0 0 0
73 1 0 0 0 0 0 0 0 0
74 1 0 0 0 0 0 0 0 0
75 1 0 0 0 0 0 0 0 0
77 1 0 0 0 0 0 0 0 0
295 1 1 1 0 0 0 0 0 0
296 1 0 0 1 0 0 0 0 0
297 1 0 0 1 0 0 0 0 0
298 1 0 0 0 0 0 0 0 0
299 1 0 0 0 0 0 0 0 0
305 1 1 1 0 0 0 0 0 0
307 1 0 0 0 0 0 0 0 0
453 8 4 2 2 2 1 0 0 0
478 1 1 1 0 0 0 0 0 0
479 1 0 0 0 0 0 0 0 0
480 1 0 0 0 0 0 0 0 0
481 1 0 0 0 0 0 0 0 0
485 1 1 1 0 0 0 0 0 0
486 1 0 0 0 0 0 0 0 0
487 1 0 0 0 0 0 0 0 0
511 1 1 1 0 0 0 0 0 0
512 1 0 0 0 0 0 0 0 0
522 1 1 1 0 0 0 0 0 0
523 1 0 0 0 0 0 0 0 0
588 2 1 1 2 0 0 0 0 0
589 2 0 0 0 0 0 2 0 0
590 2 0 0 0 0 0 2 0 0
595 2 0 0 0 0 0 0 0 0
596 2 0 0 0 0 0 0 0 0
597 2 0 0 0 0 0 0 0 0
1604 2 2 1 0 0 0 2 0 0
1605 2 0 0 0 0 0 2 0 0
1606 2 0 0 2 0 0 0 0 0
1653 2 1 1 0 0 0 0 0 0
1654 2 0 0 0 0 0 0 0 0
1655 2 0 0 0 0 0 0 0 0
1656 2 0 0 0 0 0 0 0 0
1697 2 1 1 0 0 0 0 0 0
1698 8 0 0 2 2 1 0 0 0
fl=/build/glibc-t3gR2i/glibc-2.23/string/../sysdeps/x86_64/multiarch/strcpy.S
fn=strncpy
64 1 1 1 1 0 0 0 0 0
65 1 0 0 0 0 0 0 0 0
66 1 0 0 1 0 0 0 0 0
67 1 0 0 0 0 0 0 0 0
72 1 0 0 1 0 0 0 0 0
fl=/build/glibc-t3gR2i/glibc-2.23/string/../sysdeps/x86_64/multiarch/strcspn.S
fn=strcspn
45 1 1 1 1 0 0 0 0 0
46 1 0 0 0 0 0 0 0 0
47 1 0 0 1 1 0 0 0 0
48 1 0 0 0 0 0 0 0 0
49 1 0 0 0 0 0 0 0 0
50 1 0 0 1 0 0 0 0 0
fn=strpbrk
45 1 1 1 1 0 0 0 0 0
46 1 0 0 0 0 0 0 0 0
47 1 0 0 1 0 0 0 0 0
48 1 0 0 0 0 0 0 0 0
49 1 0 0 0 0 0 0 0 0
50 1 0 0 1 0 0 0 0 0
fl=/build/glibc-t3gR2i/glibc-2.23/string/../sysdeps/x86_64/multiarch/strspn.S
fn=strspn
30 1 1 1 1 0 0 0 0 0
31 1 0 0 0 0 0 0 0 0
32 1 0 0 1 0 0 0 0 0
33 1 0 0 0 0 0 0 0 0
34 1 0 0 0 0 0 0 0 0
35 1 0 0 1 0 0 0 0 0
fl=/build/glibc-t3gR2i/glibc-2.23/string/../sysdeps/x86_64/multiarch/strstr-sse2-unaligned.S
fn=__strstr_sse2_unaligned
22 2 1 1 2 2 2 0 0 0
23 2 0 0 0 0 0 0 0 0
24 2 0 0 0 0 0 0 0 0
25 2 0 0 2 0 0 0 0 0
26 2 0 0 0 0 0 0 0 0
27 2 0 0 0 0 0 0 0 0
28 2 0 0 0 0 0 0 0 0
29 2 0 0 0 0 0 0 0 0
30 2 0 0 0 0 0 0 0 0
31 2 0 0 0 0 0 0 0 0
32 2 0 0 0 0 0 0 0 0
33 2 0 0 0 0 0 0 0 0
34 2 0 0 0 0 0 0 0 0
35 2 0 0 0 0 0 0 0 0
36 2 0 0 0 0 0 0 0 0
37 2 1 1 0 0 0 0 0 0
38 2 0 0 0 0 0 0 0 0
39 2 0 0 0 0 0 0 0 0
40 2 0 0 2 0 0 0 0 0
41 2 0 0 0 0 0 0 0 0
42 2 0 0 2 0 0 0 0 0
43 2 0 0 0 0 0 0 0 0
44 2 0 0 0 0 0 0 0 0
45 2 0 0 0 0 0 0 0 0
46 2 0 0 2 0 0 0 0 0
47 2 0 0 0 0 0 0 0 0
48 2 0 0 0 0 0 0 0 0
49 2 0 0 0 0 0 0 0 0
50 2 0 0 2 0 0 0 0 0
51 2 0 0 0 0 0 0 0 0
52 2 1 1 0 0 0 0 0 0
53 2 0 0 0 0 0 0 0 0
54 2 0 0 0 0 0 0 0 0
55 2 0 0 0 0 0 0 0 0
56 2 0 0 0 0 0 0 0 0
57 2 0 0 0 0 0 0 0 0
58 2 0 0 0 0 0 0 0 0
59 2 0 0 0 0 0 0 0 0
60 2 0 0 0 0 0 0 0 0
61 2 0 0 0 0 0 0 0 0
63 2 0 0 0 0 0 0 0 0
64 2 0 0 0 0 0 0 0 0
65 2 0 0 2 0 0 0 0 0
66 2 0 0 0 0 0 0 0 0
92 2 1 1 0 0 0 0 0 0
93 2 0 0 2 0 0 0 0 0
fl=/build/glibc-t3gR2i/glibc-2.23/string/../sysdeps/x86_64/multiarch/strstr.c
fn=strstr
44 6 1 1 3 0 0 0 0 0
fl=/build/glibc-t3gR2i/glibc-2.23/string/../sysdeps/x86_64/strchr.S
fn=strchrnul
24 18 1 1 0 0 0 0 0 0
25 18 0 0 0 0 0 0 0 0
26 18 0 0 0 0 0 0 0 0
27 18 0 0 0 0 0 0 0 0
28 18 1 1 0 0 0 0 0 0
29 18 0 0 0 0 0 0 0 0
30 18 0 0 0 0 0 0 0 0
31 18 0 0 0 0 0 0 0 0
32 18 0 0 18 4 4 0 0 0
33 18 0 0 0 0 0 0 0 0
34 18 0 0 0 0 0 0 0 0
35 18 0 0 0 0 0 0 0 0
36 18 0 0 0 0 0 0 0 0
37 18 0 0 0 0 0 0 0 0
38 18 0 0 0 0 0 0 0 0
39 18 0 0 0 0 0 0 0 0
40 18 0 0 0 0 0 0 0 0
41 13 0 0 0 0 0 0 0 0
43 13 0 0 0 0 0 0 0 0
50 13 0 0 13 0 0 0 0 0
54 5 2 1 5 0 0 0 0 0
55 5 0 0 0 0 0 0 0 0
56 5 0 0 0 0 0 0 0 0
57 5 0 0 0 0 0 0 0 0
58 5 0 0 0 0 0 0 0 0
59 5 0 0 0 0 0 0 0 0
60 5 0 0 5 2 2 0 0 0
61 5 0 0 0 0 0 0 0 0
62 5 0 0 0 0 0 0 0 0
63 5 0 0 0 0 0 0 0 0
64 5 0 0 0 0 0 0 0 0
65 5 0 0 0 0 0 0 0 0
66 5 0 0 0 0 0 0 0 0
67 5 0 0 5 1 1 0 0 0
68 5 0 0 0 0 0 0 0 0
69 5 1 1 0 0 0 0 0 0
70 5 0 0 0 0 0 0 0 0
71 5 0 0 0 0 0 0 0 0
72 5 0 0 0 0 0 0 0 0
73 5 0 0 0 0 0 0 0 0
74 5 0 0 0 0 0 0 0 0
75 5 0 0 0 0 0 0 0 0
76 5 0 0 0 0 0 0 0 0
77 5 0 0 0 0 0 0 0 0
129 5 1 1 0 0 0 0 0 0
131 5 0 0 0 0 0 0 0 0
138 5 0 0 5 0 0 0 0 0
fl=/build/glibc-t3gR2i/glibc-2.23/string/../sysdeps/x86_64/strlen.S
fn=strlen
66 28 2 2 0 0 0 0 0 0
67 28 0 0 0 0 0 0 0 0
68 28 0 0 0 0 0 0 0 0
69 28 0 0 0 0 0 0 0 0
70 28 1 1 0 0 0 0 0 0
71 28 0 0 0 0 0 0 0 0
72 28 0 0 0 0 0 0 0 0
74 28 0 0 0 0 0 0 0 0
76 28 0 0 0 0 0 0 0 0
106 25 0 0 25 5 3 0 0 0
107 25 0 0 0 0 0 0 0 0
108 25 0 0 0 0 0 0 0 0
109 25 0 0 0 0 0 0 0 0
110 25 0 0 0 0 0 0 0 0
111 15 0 0 0 0 0 0 0 0
112 15 0 0 15 0 0 0 0 0
116 10 0 0 0 0 0 0 0 0
117 10 1 1 10 0 0 0 0 0
118 10 0 0 10 1 1 0 0 0
119 10 0 0 10 0 0 0 0 0
120 10 0 0 0 0 0 0 0 0
121 10 0 0 0 0 0 0 0 0
122 10 0 0 0 0 0 0 0 0
123 10 0 0 0 0 0 0 0 0
124 10 0 0 0 0 0 0 0 0
125 10 0 0 0 0 0 0 0 0
126 10 0 0 0 0 0 0 0 0
127 10 0 0 0 0 0 0 0 0
132 80 0 0 10 0 0 0 0 0
136 3 3 2 0 0 0 0 0 0
137 42 1 1 12 2 1 0 0 0
138 24 2 1 3 0 0 0 0 0
fl=/build/glibc-t3gR2i/glibc-2.23/string/../sysdeps/x86_64/strrchr.S
fn=rindex
24 5 2 1 0 0 0 0 0 0
25 5 0 0 0 0 0 0 0 0
26 5 0 0 0 0 0 0 0 0
27 5 0 0 0 0 0 0 0 0
28 5 0 0 0 0 0 0 0 0
29 5 0 0 0 0 0 0 0 0
30 5 0 0 0 0 0 0 0 0
31 5 0 0 0 0 0 0 0 0
32 5 0 0 5 1 0 0 0 0
33 5 0 0 0 0 0 0 0 0
34 5 2 1 0 0 0 0 0 0
35 5 0 0 0 0 0 0 0 0
36 5 0 0 0 0 0 0 0 0
37 5 0 0 0 0 0 0 0 0
38 5 0 0 0 0 0 0 0 0
39 5 0 0 0 0 0 0 0 0
40 5 0 0 0 0 0 0 0 0
41 5 0 0 0 0 0 0 0 0
42 5 0 0 0 0 0 0 0 0
43 5 0 0 0 0 0 0 0 0
44 5 0 0 0 0 0 0 0 0
45 1 0 0 0 0 0 0 0 0
46 1 0 0 0 0 0 0 0 0
47 1 0 0 1 0 0 0 0 0
169 4 1 1 0 0 0 0 0 0
170 4 0 0 4 0 0 0 0 0
fl=/build/glibc-t3gR2i/glibc-2.23/string/_strerror.c
fn=strerror_r
38 20 2 2 0 0 0 12 0 0
39 12 0 0 2 2 1 0 0 0
40 4 0 0 2 2 0 0 0 0
71 6 0 0 0 0 0 2 0 0
72 16 1 1 14 0 0 0 0 0
fl=/build/glibc-t3gR2i/glibc-2.23/string/strdup.c
fn=strdup
40 20 1 1 0 0 0 10 0 0
41 10 1 1 0 0 0 5 0 0
42 10 0 0 0 0 0 5 0 0
44 10 0 0 0 0 0 0 0 0
47 20 0 0 0 0 0 0 0 0
48 15 0 0 10 0 0 0 0 0
fl=/build/glibc-t3gR2i/glibc-2.23/string/strerror.c
fn=strerror
30 8 1 1 0 0 0 6 0 0
31 6 0 0 0 0 0 2 0 0
34 4 0 0 0 0 0 0 0 0
43 8 0 0 8 0 0 0 0 0
fl=/build/glibc-t3gR2i/glibc-2.23/time/../sysdeps/generic/dl-hash.h
fn=gettimeofday
45 12 1 1 4 0 0 0 0 0
48 12 0 0 0 0 0 0 0 0
62 16 0 0 0 0 0 0 0 0
fn=time
45 12 0 0 4 1 1 0 0 0
48 12 1 1 0 0 0 0 0 0
62 16 0 0 0 0 0 0 0 0
fl=/build/glibc-t3gR2i/glibc-2.23/time/../sysdeps/unix/sysv/linux/x86/gettimeofday.c
fn=gettimeofday
36 1 0 0 0 0 0 0 0 0
37 11 2 2 0 0 0 4 0 0
40 3 0 0 0 0 0 1 0 0
41 3 0 0 0 0 0 0 0 0
42 2 0 0 1 0 0 0 0 0
fl=/build/glibc-t3gR2i/glibc-2.23/time/../sysdeps/unix/sysv/linux/x86/time.c
fn=time
37 1 0 0 0 0 0 0 0 0
38 11 2 2 0 0 0 4 0 0
41 3 0 0 0 0 0 1 0 0
42 3 0 0 0 0 0 0 0 0
43 2 0 0 1 0 0 0 0 0
fl=/home/anirudhc/research_work/sniffex.c
fn=main
397 8 2 2 1 0 0 4 0 0
399 1 0 0 0 0 0 1 0 0
404 8 1 1 0 0 0 5 0 0
408 1 0 0 0 0 0 1 0 0
413 2 0 0 1 0 0 0 0 0
414 4 1 1 2 1 0 1 0 0
432 8 1 1 1 0 0 1 0 0
433 7 1 1 2 0 0 1 0 0
435 1 0 0 0 0 0 1 0 0
436 1 0 0 0 0 0 1 0 0
440 5 0 0 1 0 0 1 0 0
441 5 1 1 1 0 0 1 0 0
442 5 0 0 0 0 0 1 0 0
445 9 1 1 1 0 0 2 0 0
446 2 0 0 1 0 0 0 0 0
447 7 1 1 2 1 0 1 0 0
448 2 0 0 0 0 0 1 0 0
fl=???
fn=???
0 622 83 68 243 20 2 147 1 1
fn=__libc_csu_init
0 34 2 2 8 1 0 8 0 0
fn=_dl_debug_initialize
0 5 0 0 4 0 0 0 0 0
fn=_start
0 11 1 1 1 0 0 3 0 0
fn=memcpy@GLIBC_2.2.5
0 11 2 2 3 0 0 0 0 0
fn=pcap_create
0 79 3 3 17 2 0 14 0 0
fn=pcap_lookupnet
0 86 9 9 14 0 0 25 0 0
fn=pcap_open_live
0 27 4 4 7 0 0 7 0 0
fn=pcap_set_snaplen
0 13 1 1 3 0 0 4 0 0
fn=pcap_strerror
0 1 1 1 0 0 0 0 0 0
summary: 205188 1234 1167 52628 2994 2245 17308 779 677
